1 0
4 1
5 4
2 1
3 2
7 5
6 3
8 7
9 8
10 9
11 10
12 11
13 12
14 13
15 14
16 15
17 16
18 17
19 18
20 19
21 20
22 21
23 22
24 22
25 23
26 25
27 26
28 27
29 28
30 29
31 30
32 31
33 32
34 33
35 34
36 35
37 36
38 37
39 38
40 39
42 40
41 40
43 41
44 43
45 44
46 45
47 46
48 47
49 48
50 49
51 50
52 51
53 52
55 53
54 53
56 55
58 56
57 54
59 58
60 59
61 60
62 61
63 62
64 63
65 64
67 65
66 65
68 67
69 68
71 69
70 69
72 71
73 72
74 73
75 74
76 75
77 76
78 77
79 78
80 79
81 79
82 81
83 82
84 83
85 84
86 85
87 86
88 87
91 88
