1 0
2 1
3 2
4 3
5 4
6 5
7 6
8 7
9 8
10 9
11 10
12 11
13 12
14 13
16 14
15 13
17 16
18 17
19 18
20 19
21 20
22 21
23 22
24 23
25 24
26 25
29 24
27 26
28 27
30 28
31 30
32 31
33 32
34 33
35 34
36 35
37 36
38 37
40 35
39 38
41 39
42 41
43 42
44 43
45 44
46 45
47 46
48 47
49 48
50 49
51 50
52 51
55 49
53 52
54 53
56 54
57 56
58 57
59 58
60 59
61 60
62 61
63 62
64 63
65 64
66 65
67 66
71 67
68 67
69 68
70 69
72 70
73 72
74 73
75 74
76 75
78 76
77 76
79 77
80 79
81 80
82 81
83 80
84 82
85 82
86 84
87 86
88 87
89 88
90 89
91 90
92 91
93 92
94 93
95 94
96 95
97 96
98 97
99 98
100 99
101 100
105 99
102 101
103 102
104 103
106 104
108 104
107 106
109 107
110 108
111 109
112 111
113 112
114 113
115 114
116 115
117 116
118 117
119 118
120 119
121 120
122 121
123 122
124 123
125 124
126 125
127 126
128 127
129 128
130 127
131 130
132 129
134 131
133 132
136 132
135 133
137 135
138 137
139 135
140 138
141 140
142 141
143 142
144 143
145 144
146 145
147 146
148 147
149 148
150 149
151 150
152 151
153 152
154 153
155 154
157 155
156 155
158 156
160 158
159 158
162 160
161 159
163 161
164 163
165 164
166 165
167 164
168 166
169 168
170 169
171 170
172 171
173 172
174 173
175 174
177 175
176 175
178 176
179 178
180 179
181 180
182 181
183 182
184 178
185 183
186 185
187 186
188 187
189 188
192 188
190 189
191 190
193 191
194 193
195 194
196 195
197 191
198 196
199 198
200 199
201 200
202 201
203 202
204 203
205 204
206 205
207 206
208 207
209 208
210 209
213 207
211 210
212 211
214 212
215 212
216 215
217 216
218 217
219 218
220 219
221 220
222 221
223 222
224 223
225 224
226 224
227 225
229 225
228 227
234 228
230 228
231 230
232 231
233 232
235 233
236 235
237 236
238 237
239 238
240 239
241 240
242 241
243 242
244 243
245 244
246 245
247 246
248 247
249 248
250 247
251 249
252 251
253 252
254 253
255 254
256 255
257 255
258 256
259 258
260 259
261 260
262 261
263 262
264 263
265 264
266 265
267 266
268 267
269 268
270 269
