41 0
4 0
7 4
9 7
10 9
88 10
13 0
96 88
24 9
3 0
110 96
5 3
8 5
116 110
2 0
19 8
20 19
23 20
26 23
29 26
32 29
31 2
39 32
36 0
47 31
191 39
67 36
86 67
220 191
221 220
93 86
243 221
249 243
28 0
263 249
1 0
6 1
14 6
304 263
44 14
353 304
368 353
375 368
376 375
380 376
392 380
395 392
468 395
480 468
510 480
512 510
530 512
535 530
539 535
540 539
547 540
593 547
622 593
626 622
651 626
679 651
683 679
722 683
741 722
779 741
784 779
819 784
834 819
836 834
851 836
853 851
867 853
889 867
931 889
939 931
965 939
966 965
968 966
1073 968
1108 1073
1114 1108
1126 1114
1132 1126
1174 1132
1191 1174
1196 1191
1230 1196
1235 1230
1283 1235
1300 1283
1331 1300
1410 1331
1421 1410
1466 1421
1469 1466
1500 1469
1559 1500
1589 1559
1596 1589
1620 1596
1636 1620
1656 1636
1665 1656
1678 1665
1693 1678
1699 1693
1709 1699
1784 1709
1794 1784
1806 1794
1807 1806
1815 1807
1818 1815
1843 1818
1849 1843
1850 1849
1869 1850
1906 1869
2021 1906
2115 2021
2119 2115
2237 2119
2252 2237
2265 2252
2288 2265
2323 2288
2324 2323
2325 2324
2329 2325
2341 2329
2359 2341
2368 2359
2397 2368
2399 2397
2420 2399
2444 2420
2447 2444
2448 2447
2478 2448
2490 2478
2510 2490
2513 2510
2518 2513
2617 2518
2634 2617
2643 2634
2658 2643
2672 2658
2676 2672
2694 2676
2710 2694
2725 2710
2735 2725
2742 2735
2745 2742
2747 2745
2779 2747
2784 2779
2792 2784
2807 2792
2808 2807
2814 2808
2828 2814
2863 2828
2925 2863
2927 2925
2964 2927
2916 2807
2924 2916
3011 2964
2928 2807
2930 2928
3019 3011
3021 3019
2957 2924
3039 3021
3099 3039
3037 2957
3114 3099
3048 3037
3123 3114
3130 3123
3135 3130
3059 2957
3088 3059
3105 3048
3108 3105
3118 3088
3225 3135
3229 3225
3154 3108
3158 3154
3143 3118
3237 3229
3144 3143
3248 3237
3179 3158
3259 3248
3276 3259
3282 3276
3201 3144
3288 3282
3217 3201
3263 3179
3366 3288
3304 3263
3381 3366
3382 3381
3307 3263
3328 3304
3410 3382
3436 3410
3444 3436
3451 3444
3359 3328
3462 3451
3396 3359
3424 3396
3511 3462
3442 3424
3446 3359
3463 3446
3478 3442
3483 3478
3559 3511
3579 3559
3519 3483
3537 3519
3625 3579
3651 3625
3658 3651
3586 3537
3669 3658
3672 3669
3601 3586
3633 3601
3718 3672
3723 3718
3657 3633
3664 3657
3780 3723
3811 3780
3815 3811
3818 3815
3830 3818
3761 3664
3764 3761
3880 3830
3887 3880
3814 3764
3809 3761
3920 3887
3831 3809
3934 3920
3837 3831
3817 3814
3939 3934
3821 3817
3871 3821
3979 3939
3903 3871
4009 3979
3922 3821
3967 3903
4045 4009
4049 4045
4067 4049
3991 3967
3995 3991
3984 3903
4015 3995
4091 4067
4100 4091
4012 3984
4029 4015
4014 4012
4104 4100
4108 4104
4026 4014
4120 4108
4133 4120
4030 4029
4034 4030
4177 4133
4188 4177
4193 4188
4065 4034
4090 4065
4219 4193
4143 4090
4132 4065
4159 4143
4235 4219
4164 4132
4262 4235
4265 4262
4269 4265
4275 4269
4280 4275
4218 4159
4230 4218
4308 4280
4234 4230
4238 4234
4318 4308
4247 4238
4256 4247
4261 4256
4336 4318
4339 4336
4347 4339
4316 4261
4403 4347
4414 4403
4368 4316
4356 4261
4468 4414
4378 4356
4479 4468
4405 4378
4493 4479
4441 4368
4449 4441
4461 4449
4544 4493
4476 4461
4548 4544
4567 4548
4504 4476
4518 4504
4506 4461
4598 4567
4538 4518
4620 4598
4627 4620
4565 4538
4639 4627
4655 4639
4658 4655
4604 4565
4609 4604
4693 4658
4696 4693
4616 4609
4701 4696
4629 4616
4720 4701
4622 4565
4737 4720
4751 4737
4767 4751
4775 4767
4723 4629
4790 4775
4734 4723
4715 4629
4816 4790
4818 4816
4819 4818
4748 4715
4755 4748
4875 4819
4899 4875
4906 4899
4947 4906
4957 4947
4876 4755
4887 4876
4892 4887
4995 4957
4900 4755
5007 4995
5013 5007
4893 4892
4952 4893
4983 4952
4984 4983
4978 4893
4999 4978
5089 5013
5091 5089
5105 5091
5045 4984
5062 4984
5135 5105
5080 5062
5161 5135
5183 5161
5124 5080
5127 5124
5206 5183
5229 5206
5237 5229
5238 5237
5173 5127
5256 5238
5261 5256
5200 5173
5281 5261
5282 5281
5289 5282
5216 5173
5242 5200
5230 5216
5272 5242
5265 5230
5296 5272
5305 5296
5371 5289
5382 5371
5387 5382
5321 5305
5388 5387
5328 5321
5319 5265
5403 5388
5326 5319
5406 5403
5416 5406
5438 5416
5378 5328
5446 5438
5381 5328
5467 5446
5477 5467
5409 5378
5430 5409
5503 5477
5448 5430
5522 5503
5451 5381
5536 5522
5452 5451
5543 5536
5494 5448
5564 5543
5511 5494
5515 5511
5614 5564
5553 5494
5662 5614
5680 5662
5702 5680
5631 5515
5652 5515
5649 5631
5750 5702
5669 5649
5692 5652
5697 5692
5705 5697
5708 5705
5712 5708
5723 5712
5740 5723
5829 5750
5846 5829
5855 5846
5864 5855
5802 5740
5801 5740
5897 5864
5824 5802
5939 5897
5841 5801
5954 5939
5877 5824
5887 5877
5976 5954
5998 5976
5999 5998
6010 5999
5923 5877
6026 6010
6050 6026
5985 5887
6073 6050
6086 6073
6097 6086
6117 6097
6127 6117
6129 6127
6047 5985
6081 6047
6189 6129
6104 6081
6204 6189
6140 6047
6208 6204
6144 6140
6222 6208
6154 6144
6235 6222
6164 6154
6184 6164
6197 6184
6277 6235
6194 6104
6210 6197
6314 6277
6323 6314
6336 6323
6247 6184
6352 6336
6212 6210
6215 6212
6223 6215
6396 6352
6229 6223
6236 6229
6429 6396
6430 6429
6269 6236
6343 6269
6285 6269
6467 6430
6476 6467
6480 6476
6346 6285
6517 6480
6521 6517
6523 6521
6360 6346
6444 6360
6408 6360
6577 6523
6416 6408
6589 6577
6441 6416
6445 6441
6518 6445
6620 6589
6482 6445
6574 6518
6498 6482
6656 6620
6585 6574
6666 6656
6669 6666
6526 6498
6552 6526
6578 6552
6580 6578
6748 6669
6590 6580
6760 6748
6813 6760
6644 6590
6740 6644
6870 6813
6873 6870
6695 6644
6827 6695
6911 6873
6829 6740
6858 6827
6934 6911
6884 6858
6952 6934
6982 6952
6900 6858
6988 6982
6996 6988
7000 6996
6923 6900
7051 7000
7059 7051
7080 7059
7087 7080
7137 7087
7148 7137
7182 7148
7203 7182
7211 7203
7212 7211
7232 7212
7235 7232
7236 7235
7263 7236
7360 7263
7390 7360
7419 7390
7437 7419
7440 7437
7460 7440
7478 7460
7487 7478
7566 7487
7592 7566
7606 7592
7641 7606
7680 7641
7694 7680
7723 7694
7734 7723
7741 7734
7766 7741
7795 7766
7810 7795
7829 7810
7844 7829
7853 7844
7943 7853
7976 7943
7991 7976
8016 7991
8040 8016
8047 8040
8059 8047
8135 8059
8164 8135
8188 8164
8199 8188
8213 8199
8221 8213
8224 8221
8264 8224
8265 8264
8274 8265
8279 8274
8299 8279
8336 8299
8339 8336
8378 8339
8381 8378
8392 8381
8402 8392
8418 8402
8428 8418
8452 8428
8466 8452
8495 8466
8508 8495
8520 8508
8525 8520
8574 8525
8575 8574
8584 8575
8595 8584
8602 8595
8615 8602
8663 8615
8664 8663
8668 8664
8716 8668
8817 8716
8837 8817
8897 8837
8919 8897
8947 8919
8952 8947
8999 8952
9005 8999
9009 9005
9029 9009
9040 9029
9082 9040
9128 9082
9143 9128
9164 9143
9180 9164
9244 9180
9263 9244
9276 9263
9299 9276
9330 9299
9360 9330
9369 9360
9394 9369
9401 9394
9407 9401
9409 9407
9429 9409
9431 9429
9437 9431
9448 9437
9485 9448
9506 9485
9582 9506
9609 9582
9722 9609
9725 9722
9765 9725
9768 9765
9801 9768
9805 9801
9806 9805
9833 9806
9853 9833
9884 9853
9893 9884
9936 9893
9969 9936
10025 9969
10052 10025
10066 10052
10067 10066
10077 10067
10078 10077
10088 10078
10133 10088
10215 10133
10240 10215
10241 10240
10251 10241
10253 10251
10269 10253
10270 10269
10324 10270
10357 10324
10364 10357
10376 10364
10386 10376
10408 10386
10414 10408
10418 10414
10512 10418
10522 10512
10526 10522
10587 10526
10613 10587
10628 10613
10692 10628
10693 10692
10729 10693
10730 10729
10742 10730
10842 10742
10859 10842
10878 10859
10892 10878
10903 10892
10919 10903
10945 10919
10984 10945
11038 10984
11113 11038
11119 11113
11174 11119
11188 11174
11197 11188
11209 11197
11212 11209
11220 11212
11222 11220
11254 11222
11257 11254
11287 11257
11294 11287
11327 11294
11374 11327
11386 11374
11413 11386
11425 11413
11498 11425
11505 11498
11506 11505
11536 11506
11599 11536
11611 11599
11675 11611
11729 11675
11746 11729
11747 11746
11768 11747
11810 11768
11868 11810
11899 11868
11910 11899
11916 11910
11951 11916
11989 11951
11995 11989
12006 11995
12017 12006
12067 12017
12116 12067
12123 12116
12128 12123
12170 12128
12189 12170
12218 12189
12220 12218
12252 12220
12262 12252
12282 12262
12283 12282
12294 12283
12298 12294
12302 12298
12321 12302
12327 12321
12332 12327
12347 12332
12395 12347
12397 12395
12406 12397
12444 12406
12446 12444
12451 12446
12460 12451
12464 12460
12473 12464
12474 12473
12499 12474
12500 12499
12515 12500
12527 12515
12557 12527
12568 12557
12602 12568
12611 12602
12619 12611
12650 12619
12674 12650
12687 12674
12698 12687
12749 12698
12751 12749
12800 12751
12816 12800
12846 12816
12852 12846
12863 12852
12896 12863
12928 12896
13010 12928
13049 13010
13086 13049
13087 13086
13138 13087
13174 13138
13179 13174
13203 13179
13210 13203
13271 13210
13282 13271
13345 13282
13356 13345
13445 13356
13453 13445
13460 13453
13461 13460
13477 13461
13484 13477
13512 13484
13520 13512
13529 13520
13540 13529
13557 13540
13566 13557
13588 13566
13592 13588
13594 13592
13600 13594
13610 13600
13699 13610
13711 13699
13816 13711
13837 13816
13848 13837
13856 13848
13860 13856
13903 13860
13923 13903
13927 13923
13932 13927
13934 13932
13936 13934
13998 13936
14002 13998
14009 14002
14016 14009
14043 14016
14120 14043
14161 14120
14165 14161
14166 14165
14181 14166
14223 14181
14350 14223
14358 14350
14366 14358
14372 14366
14373 14372
14485 14373
14498 14485
14531 14498
14558 14531
14574 14558
14590 14574
14609 14590
14663 14609
14667 14663
14676 14667
14678 14676
14689 14678
14690 14689
14733 14690
14737 14733
14756 14737
14783 14756
14821 14783
14828 14821
14840 14828
14843 14840
14855 14843
14868 14855
14898 14868
14954 14898
14956 14954
14971 14956
14985 14971
15022 14985
15045 15022
15048 15045
15070 15048
15095 15070
15098 15095
15107 15098
15118 15107
15179 15118
15221 15179
15310 15221
15320 15310
15323 15320
15365 15323
15366 15365
15368 15366
15446 15368
15461 15446
15477 15461
15481 15477
15511 15481
15520 15511
15544 15520
15549 15544
15554 15549
15587 15554
15629 15587
15657 15629
15666 15657
15702 15666
15706 15702
15721 15706
15736 15721
15738 15736
15745 15738
15748 15745
15765 15748
15810 15765
15862 15810
15868 15862
15906 15868
15916 15906
15920 15916
15921 15920
15974 15921
15975 15974
16005 15975
16023 16005
16035 16023
16091 16035
16119 16091
16151 16119
16152 16151
16184 16152
16195 16184
16224 16195
16233 16224
16234 16233
16268 16234
16312 16268
16327 16312
16344 16327
16348 16344
16351 16348
16369 16351
16379 16369
16388 16379
16398 16388
16403 16398
16437 16403
16456 16437
16463 16456
16485 16463
16487 16485
16558 16487
16594 16558
16595 16594
16695 16595
16712 16695
16718 16712
16736 16718
16783 16736
16806 16783
16822 16806
16834 16822
16943 16834
16950 16943
16954 16950
16967 16954
17000 16967
17018 17000
17079 17018
17114 17079
17174 17114
17192 17174
17230 17192
17235 17230
17254 17235
17274 17254
17313 17274
17315 17313
17337 17315
17372 17337
17374 17372
17386 17374
17404 17386
17449 17404
17468 17449
17481 17468
17496 17481
17529 17496
17558 17529
17569 17558
17647 17569
17675 17647
17695 17675
17696 17695
17700 17696
17713 17700
17735 17713
17746 17735
17749 17746
17762 17749
17770 17762
17808 17770
17812 17808
17813 17812
17884 17813
17931 17884
17970 17931
17979 17970
17980 17979
17998 17980
18024 17998
18079 18024
18120 18079
18125 18120
18141 18125
18151 18141
18161 18151
18165 18161
18182 18165
18264 18182
18285 18264
18299 18285
18305 18299
18315 18305
18344 18315
18350 18344
18366 18350
18368 18366
18380 18368
18381 18380
18405 18381
18418 18405
18420 18418
18421 18420
18429 18421
18436 18429
18441 18436
18477 18441
18491 18477
18492 18491
18533 18492
18580 18533
18602 18580
18636 18602
18665 18636
18704 18665
18708 18704
18717 18708
18754 18717
18782 18754
18786 18782
18790 18786
