13 0
4 0
7 4
9 7
24 9
10 9
11 10
12 11
15 12
16 15
3 0
5 3
2 0
17 16
18 17
8 5
21 18
22 21
25 22
27 25
36 0
30 27
33 30
34 33
19 8
35 34
37 35
20 19
23 20
26 23
29 26
38 37
41 0
32 29
42 38
43 42
31 2
46 43
50 46
39 32
53 50
40 39
54 53
67 36
56 54
58 56
59 58
60 59
48 40
62 60
63 62
64 63
49 48
69 64
47 31
51 49
52 51
55 52
86 67
75 69
78 75
79 78
80 79
82 80
83 82
65 55
93 86
84 83
88 10
68 15
72 65
74 72
76 74
89 84
70 68
77 76
71 70
91 89
92 91
81 77
95 92
96 88
73 17
87 71
90 81
102 95
94 90
104 102
28 0
97 94
105 104
98 97
110 96
99 87
116 110
101 73
211 105
106 99
112 106
1 0
6 1
127 35
128 127
14 6
100 98
136 43
138 136
147 138
254 211
113 100
160 60
188 73
196 188
122 113
172 69
44 14
45 44
191 39
180 83
134 122
135 134
139 135
140 139
61 45
190 95
186 100
155 140
157 155
159 157
220 191
161 159
221 220
231 55
165 161
204 104
245 77
243 221
224 204
249 243
103 61
236 224
263 249
348 254
242 165
166 165
171 166
250 242
175 171
253 250
182 175
145 103
219 17
304 263
194 182
309 253
173 145
205 190
299 236
213 205
404 348
214 213
343 242
347 253
189 173
319 299
227 214
233 227
234 233
261 219
330 319
244 234
353 304
215 189
218 215
368 353
377 194
375 368
384 377
265 244
232 218
267 265
355 267
388 384
270 267
391 388
376 375
272 270
380 376
273 272
275 273
452 275
281 275
399 391
392 380
284 281
285 284
286 285
395 392
406 399
293 286
262 232
296 293
386 296
297 296
268 262
300 297
301 300
302 301
276 268
308 302
280 276
312 308
316 312
283 280
320 316
471 406
431 406
476 471
323 320
324 323
329 324
415 329
441 431
416 415
335 329
436 309
340 335
341 340
342 341
306 283
425 342
349 342
350 349
448 436
357 350
359 357
361 359
346 306
468 395
480 468
461 361
385 361
390 385
362 346
365 362
485 390
405 390
424 365
514 441
509 406
408 405
510 480
559 514
512 510
499 408
528 514
417 408
522 509
420 417
363 194
530 512
513 420
535 530
539 535
540 539
410 365
411 410
584 559
438 420
414 411
547 540
444 438
445 444
536 445
430 414
546 536
457 445
467 457
470 467
475 470
477 475
484 477
562 484
486 484
422 363
488 486
490 488
565 490
492 490
583 522
495 492
496 495
498 496
500 498
501 500
593 547
576 501
516 501
517 516
487 430
520 517
670 520
523 520
591 523
657 584
592 591
532 523
622 593
600 592
538 532
507 487
626 622
684 657
694 684
556 538
647 528
557 556
531 507
633 557
659 647
544 531
651 626
567 557
569 567
571 569
575 571
558 544
578 575
580 578
582 580
679 651
683 679
619 558
671 582
596 582
677 671
696 584
598 596
599 598
754 694
708 696
608 599
717 659
614 608
616 614
621 616
700 621
718 708
722 683
629 621
709 700
597 558
733 717
610 597
636 629
642 636
644 642
623 610
646 644
741 722
761 733
731 646
655 646
658 655
737 658
660 658
634 623
662 660
812 754
663 662
637 634
665 663
748 665
643 637
680 665
773 718
686 680
779 741
785 773
784 779
693 686
695 693
699 695
701 699
772 701
666 643
703 701
704 703
774 704
793 785
707 704
796 793
811 761
786 774
721 707
870 796
802 786
702 666
727 721
706 702
819 784
886 870
828 811
732 727
736 732
835 828
744 736
746 744
747 746
749 747
834 819
751 749
836 834
850 835
823 751
758 751
762 758
730 706
851 836
763 762
853 851
735 730
871 850
842 763
867 853
881 871
887 881
801 735
780 763
856 842
783 780
897 887
889 867
950 897
863 856
765 735
790 783
872 863
768 765
898 796
908 897
983 872
798 790
800 798
885 800
804 800
805 804
806 805
807 806
781 768
816 807
923 898
991 950
931 889
940 923
939 931
827 816
919 827
829 827
830 829
832 830
937 832
843 832
938 937
848 843
965 939
849 848
966 965
947 849
968 966
854 849
949 947
825 781
888 781
861 854
868 861
869 868
873 869
1059 873
1043 991
878 873
879 878
979 879
982 979
892 879
893 892
1003 950
895 893
896 895
899 896
900 899
864 825
1018 908
1024 1018
1031 1024
882 864
884 882
1038 1031
925 900
927 925
929 927
907 884
909 907
969 909
943 929
946 943
948 946
952 948
962 952
964 962
1133 964
1117 1038
1084 1038
976 964
978 976
1073 968
1056 978
980 978
1095 1084
986 980
1090 1003
994 986
1099 1090
1147 1095
1001 994
1153 1147
1109 1095
1028 969
1010 1001
1156 1153
1108 1073
1019 1010
1114 1108
1026 1019
1027 1026
1029 1027
1126 1114
1037 1029
1116 1037
1132 1126
1040 1037
1046 1040
1050 1046
1146 1038
1051 1050
1052 1051
1053 1052
1137 1053
1060 1053
1061 1060
1066 1061
1069 1066
1079 1069
1106 1028
1088 1079
1091 1088
1174 1132
1094 1091
1098 1094
1191 1174
1104 1098
1196 1191
1175 1104
1111 1104
1112 1111
1113 1112
1280 1156
1218 1156
1128 1113
1203 1128
1230 1196
1131 1128
1135 1131
1208 1135
1136 1135
1139 1136
1140 1139
1235 1230
1213 1140
1151 1140
1311 1280
1255 1218
1176 1106
1161 1151
1164 1161
1165 1164
1260 1165
1283 1235
1172 1165
1344 1311
1180 1172
1300 1283
1197 1180
1198 1197
1206 1198
1207 1206
1305 1207
1308 1305
1330 1255
1220 1207
1313 1308
1331 1300
1226 1220
1228 1226
1242 1228
1353 1330
1245 1242
1253 1245
1254 1253
1256 1254
1259 1256
1424 1353
1270 1259
1355 1270
1272 1270
1294 1176
1273 1272
1274 1273
1288 1274
1394 1353
1298 1288
1304 1298
1467 1304
1307 1304
1410 1331
1312 1307
1318 1312
1421 1410
1320 1318
1406 1320
1407 1406
1321 1320
1326 1321
1489 1407
1334 1326
1336 1334
1338 1336
1339 1338
1340 1339
1343 1340
1499 1343
1483 1424
1347 1343
1485 1483
1350 1347
1351 1350
1356 1351
1357 1356
1359 1357
1360 1359
1361 1360
1362 1361
1364 1362
1365 1364
1445 1365
1366 1365
1367 1366
1446 1367
1393 1294
1370 1367
1375 1370
1378 1375
1380 1378
1450 1380
1400 1393
1466 1421
1384 1380
1385 1384
1387 1385
1404 1400
1469 1466
1388 1387
1520 1485
1391 1388
1392 1391
1401 1392
1408 1401
1549 1520
1474 1408
1413 1408
1414 1413
1583 1414
1500 1469
1420 1414
1422 1420
1423 1422
1491 1423
1432 1423
1433 1432
1435 1433
1501 1435
1502 1501
1507 1502
1442 1435
1447 1442
1448 1447
1449 1448
1521 1449
1468 1404
1559 1500
1463 1449
1538 1521
1464 1463
1543 1538
1574 1520
1480 1464
1589 1559
1481 1480
1482 1481
1505 1468
1596 1589
1569 1482
1492 1482
1494 1492
1497 1494
1598 1497
1504 1497
1620 1596
1604 1598
1510 1504
1512 1510
1636 1620
1622 1512
1720 1622
1525 1512
1526 1525
1530 1526
1635 1530
1656 1636
1540 1530
1541 1540
1544 1541
1553 1544
1665 1656
1562 1553
1550 1549
1659 1562
1571 1562
1575 1571
1678 1665
1579 1575
1590 1579
1592 1590
1693 1678
1699 1693
1599 1592
1601 1599
1603 1601
1607 1603
1709 1699
1609 1607
1689 1609
1619 1609
1606 1550
1677 1606
1627 1619
1632 1627
1723 1632
1639 1632
1642 1639
1734 1642
1648 1642
1758 1734
1663 1648
1666 1663
1669 1666
1784 1709
1657 1606
1673 1669
1675 1673
1794 1784
1778 1675
1683 1675
1688 1683
1787 1688
1692 1688
1806 1794
1697 1692
1676 1657
1704 1697
1687 1676
1710 1704
1890 1710
1711 1710
1892 1890
1713 1711
1719 1713
1724 1719
1727 1724
1730 1727
1739 1730
1740 1739
1726 1687
1807 1806
1836 1740
1750 1740
1754 1750
1815 1807
1845 1754
1818 1815
1759 1754
1760 1759
1744 1726
1769 1760
1771 1769
1776 1771
1843 1818
1779 1776
1782 1779
1849 1843
1868 1782
1850 1849
1870 1868
1798 1782
1799 1798
1790 1744
1805 1799
1837 1505
1887 1805
1869 1850
1802 1790
1823 1805
1804 1802
1827 1823
1905 1827
1828 1827
1830 1828
1832 1830
1835 1832
1912 1835
1921 1912
1846 1835
1848 1846
1929 1921
1906 1869
1930 1929
1853 1848
1854 1853
1840 1804
1940 1930
1880 1837
1917 1840
1941 1940
1847 1840
1871 1854
1873 1871
1954 1941
1878 1873
1879 1878
1881 1879
1943 1917
1969 1881
1885 1881
1953 1943
1888 1885
1891 1888
1894 1891
1898 1894
1899 1898
1901 1899
1884 1847
1909 1901
1999 1909
1913 1909
2002 1999
1900 1884
1915 1913
1916 1915
1918 1916
1920 1918
1904 1900
1926 1920
1928 1926
1933 1928
2016 1933
1956 1880
1946 1933
1950 1946
1938 1904
2041 1950
2046 2041
2150 2046
2021 1906
1966 1950
1979 1966
2043 1938
1957 1938
2044 2043
1986 1979
1987 1986
1988 1987
1964 1957
1996 1988
2089 1996
1989 1964
2003 1996
2004 2003
2005 2004
2006 2005
2007 2006
2010 2007
2011 2010
2012 2011
1998 1989
2111 2012
2024 2012
2026 2024
2027 2026
2059 1956
2034 2027
2019 1998
2042 2034
2108 2019
2115 2021
2049 2042
2074 2059
2119 2115
2054 2049
2032 2019
2147 2054
2038 2032
2153 2147
2040 2038
2064 2054
2051 2040
2052 2051
2072 2064
2073 2072
2075 2073
2081 2075
2083 2081
2084 2083
2085 2084
2066 2052
2092 2085
2094 2092
2101 2094
2178 2101
2102 2101
2270 2178
2104 2102
2105 2104
2107 2105
2112 2107
2120 2112
2121 2120
2124 2121
2126 2124
2127 2126
2128 2127
2192 2128
2130 2128
2194 2192
2132 2130
2133 2132
2113 2066
2160 2074
2137 2133
2138 2137
2139 2138
2140 2139
2141 2140
2156 2141
2237 2119
2158 2156
2165 2158
2252 2237
2166 2165
2169 2166
2265 2252
2172 2169
2114 2113
2175 2172
2180 2175
2181 2180
2288 2265
2189 2181
2142 2114
2190 2189
2195 2190
2197 2195
2286 2197
2201 2197
2209 2201
2323 2288
2213 2209
2214 2213
2324 2323
2325 2324
2311 2214
2241 2160
2329 2325
2222 2214
2174 2142
2226 2222
2228 2226
2341 2329
2179 2174
2235 2228
2236 2235
2248 2236
2249 2248
2359 2341
2256 2249
2257 2256
2368 2359
2267 2257
2269 2267
2357 2269
2272 2269
2273 2272
2275 2273
2279 2275
2320 2179
2377 2279
2289 2279
2293 2289
2295 2293
2296 2295
2397 2368
2299 2296
2301 2299
2305 2301
2319 2305
2404 2319
2417 2404
2337 2319
2399 2397
2340 2337
2347 2340
2434 2347
2356 2347
2362 2356
2420 2399
2369 2362
2371 2369
2403 2320
2380 2371
2398 2241
2381 2380
2406 2403
2384 2381
2385 2384
2386 2385
2444 2420
2387 2386
2447 2444
2389 2387
2448 2447
2400 2389
2335 2179
2411 2400
2414 2411
2421 2414
2478 2448
2425 2421
2457 2406
2504 2425
2490 2478
2446 2425
2519 2504
2524 2519
2527 2524
2454 2446
2510 2490
2513 2510
2518 2513
2540 2527
2541 2540
2568 2457
2571 2568
2566 2541
2432 2335
2617 2518
2450 2432
2634 2617
2643 2634
2471 2450
2658 2643
2672 2658
2676 2672
2694 2676
2710 2694
2725 2710
2548 2471
2550 2548
2552 2550
2659 2552
2735 2725
2742 2735
2567 2552
2745 2742
2747 2745
2620 2567
2779 2747
2628 2620
2784 2779
2792 2784
2636 2628
2807 2792
2734 2636
2748 2398
2902 2566
2669 2636
2692 2669
2916 2807
2704 2692
2924 2916
2952 2902
2957 2924
2845 2748
2928 2807
2930 2928
2904 2845
3037 2957
3048 3037
3106 2952
2979 2904
3105 3048
3108 3105
3059 2957
3088 3059
3154 3108
3158 3154
3118 3088
3179 3158
3143 3118
3144 3143
3089 2979
3201 3144
3217 3201
3263 3179
3304 3263
3188 3089
3212 3188
3328 3304
3372 3106
3307 3263
3359 3328
3396 3359
3424 3396
3442 3424
3478 3442
3483 3478
3446 3359
3356 3212
3463 3446
3519 3483
3549 3372
3537 3519
3435 3356
3586 3537
3601 3586
3481 3435
3633 3601
3657 3633
3664 3657
3761 3664
3764 3761
3814 3764
3817 3814
3821 3817
3809 3761
3871 3821
3831 3809
3837 3831
3903 3871
3968 3549
3976 3968
3967 3903
3828 3481
3841 3828
3922 3821
3991 3967
3995 3991
4015 3995
4029 4015
4030 4029
4034 4030
3889 3841
3984 3903
4012 3984
4014 4012
4065 4034
4026 4014
4090 4065
3949 3889
4143 4090
4159 4143
4132 4065
4059 3949
4218 4159
4164 4132
4230 4218
4234 4230
4238 4234
4247 4238
4256 4247
4261 4256
4326 3976
4316 4261
4201 4059
4368 4316
4249 4201
4258 4249
4356 4261
4289 4258
4378 4356
4441 4368
4465 4326
4449 4441
4405 4378
4461 4449
4476 4461
4504 4476
4383 4289
4518 4504
4410 4383
4538 4518
4430 4410
4506 4461
4565 4538
4477 4430
4604 4565
4609 4604
4616 4609
4505 4477
4629 4616
4622 4565
4723 4629
4734 4723
4750 4465
4596 4505
4715 4629
4748 4715
4755 4748
4735 4596
4876 4755
4887 4876
4892 4887
4893 4892
4952 4893
4815 4735
4900 4755
4983 4952
4984 4983
4847 4815
4978 4893
4888 4847
4918 4888
4999 4978
5062 4984
4949 4918
5080 5062
5045 4984
5124 5080
5127 5124
5188 4750
5173 5127
5200 5173
5081 4949
5242 5200
5216 5173
5272 5242
5230 5216
5296 5272
5315 5188
5305 5296
5265 5230
5321 5305
5328 5321
5208 5081
5319 5265
5326 5319
5378 5328
5409 5378
5381 5328
5430 5409
5457 5315
5448 5430
5494 5448
5451 5381
5452 5451
5511 5494
5515 5511
5470 5208
5553 5494
5652 5515
5631 5515
5692 5652
5573 5470
5710 5457
5697 5692
5649 5631
5705 5697
5708 5705
5712 5708
5669 5649
5723 5712
5740 5723
5802 5740
5824 5802
5866 5710
5873 5866
5801 5740
5877 5824
5887 5877
5841 5801
5933 5873
5822 5573
5923 5877
5985 5887
5872 5822
6070 5933
6047 5985
6132 6070
6140 6047
6081 6047
6144 6140
6154 6144
6104 6081
6164 6154
6184 6164
6197 6184
6210 6197
6194 6104
6247 6184
6406 6132
6212 6210
6215 6212
6223 6215
6229 6223
6236 6229
6454 6406
6269 6236
6343 6269
6285 6269
6490 6454
6346 6285
6360 6346
6444 6360
6408 6360
6416 6408
6441 6416
6445 6441
6518 6445
6574 6518
6585 6574
6482 6445
6498 6482
6526 6498
6552 6526
6578 6552
6580 6578
6590 6580
6840 6490
6644 6590
6740 6644
6829 6740
6695 6644
6827 6695
6858 6827
6951 6840
6900 6858
6884 6858
6885 6884
6894 6885
6923 6900
6912 6894
6919 6912
6981 6919
6978 6919
7011 6981
6990 6978
7018 6990
7019 7018
7026 7019
7085 7026
7063 7026
7071 7063
7075 7071
7124 7075
7130 7124
7238 6951
7168 7130
7145 7075
7171 7145
7220 7171
7255 7168
7270 7255
7281 7220
7296 7281
7305 7296
7429 7238
7334 7305
7338 7334
7355 7338
7364 7355
7376 7364
7385 7376
7420 7355
7396 7385
7408 7396
7498 7408
7519 7429
7515 7498
7595 7515
7605 7595
7618 7605
7655 7519
7650 7618
7659 7650
7662 7659
7695 7662
7773 7695
7792 7655
7718 7662
7781 7773
7811 7781
7842 7811
7848 7842
7872 7848
7904 7872
7952 7792
7874 7811
7902 7848
7973 7904
7933 7902
8045 7952
8071 7973
8201 8071
8226 8201
8256 8226
8283 8256
8290 8283
8293 8290
8243 8071
8303 8293
8314 8303
8386 8045
8317 8256
8327 8317
8400 8314
8424 8400
8465 8424
8477 8465
8521 8477
8545 8521
8588 8386
8582 8545
8633 8582
8661 8588
8655 8633
8605 8545
8677 8655
8702 8677
8722 8661
8657 8605
8714 8702
8731 8714
8766 8722
8815 8766
8739 8677
8839 8731
8855 8839
8859 8855
8894 8859
8908 8894
9008 8815
9026 8908
9100 9008
9038 8908
9115 9026
9068 9038
9154 9115
9163 9154
9117 9068
9186 9163
9149 9117
9153 9149
9235 9100
9240 9186
9249 9240
9253 9249
9202 9153
9260 9253
9265 9260
9273 9265
9282 9273
9312 9235
9237 9202
9247 9237
9348 9282
9390 9348
9408 9390
9475 9408
9487 9475
9550 9312
9535 9487
9539 9535
9489 9408
9556 9539
9567 9556
9592 9567
9565 9487
9615 9592
9626 9615
9591 9539
9631 9626
9655 9631
9637 9592
9691 9655
9701 9691
9703 9701
9721 9703
9747 9721
9696 9631
9754 9747
9745 9691
9851 9754
9854 9851
9924 9550
9904 9854
9921 9904
9981 9921
10006 9981
10015 10006
9985 9921
10045 10015
10070 9924
10062 10045
10084 10062
10089 10084
10034 9985
10098 10089
10101 10098
10110 10101
10115 10110
10081 10015
10139 10115
10177 10139
10138 10098
10148 10138
10178 10115
10238 10177
10264 10238
10294 10264
10317 10070
10346 10317
10389 10294
10362 10294
10509 10346
10582 10389
10599 10582
10551 10362
10629 10599
10594 10551
10614 10594
10630 10629
10695 10630
10883 10509
10713 10695
10822 10713
10905 10883
10827 10822
10928 10905
10768 10713
10969 10928
10786 10768
10797 10786
10814 10797
10835 10814
10840 10835
10846 10840
10931 10846
10851 10846
10855 10851
10946 10855
10910 10855
10929 10910
10933 10929
10938 10933
10950 10938
10962 10950
11049 10962
10981 10962
10996 10981
11005 10996
11019 11005
11025 11019
11109 11025
11130 11109
11137 11130
11247 10969
11083 11025
11173 11130
11273 11247
11177 11173
11229 11177
11242 11229
11307 11242
11309 11307
11334 11273
11345 11309
11361 11345
11301 11242
11378 11361
11409 11378
11422 11409
11382 11309
11388 11382
11455 11422
11403 11388
11475 11455
11497 11475
11516 11334
11531 11497
11533 11531
11602 11533
11605 11602
11563 11497
11601 11533
11607 11601
11656 11605
11681 11656
11718 11516
11759 11681
11713 11656
11780 11759
11736 11713
11863 11780
11811 11736
11890 11863
11895 11890
11918 11895
11922 11918
11949 11922
11968 11949
11921 11863
11941 11921
11962 11918
12029 11968
12030 12029
11978 11962
12061 12030
12077 12061
12078 12077
12085 12078
12036 11968
12147 11718
12070 12036
12169 12147
12148 12085
12097 12070
12196 12148
12215 12196
12223 12215
12175 12085
12250 12223
12253 12250
12256 12253
12210 12175
12211 12210
12320 12169
12245 12211
12249 12245
12318 12256
12330 12318
12351 12330
12371 12351
12378 12371
12379 12378
12399 12379
12424 12320
12427 12399
12381 12318
12458 12427
12391 12381
12461 12458
12415 12391
12494 12461
12495 12494
12450 12379
12520 12495
12559 12424
12496 12427
12589 12520
12534 12461
12601 12589
12544 12495
12663 12601
12610 12544
12676 12663
12628 12610
12700 12676
12711 12700
12664 12628
12684 12664
12766 12711
12781 12711
12875 12766
12943 12875
12913 12781
12929 12913
12995 12943
13053 12559
13060 12995
13074 13053
13089 13060
13106 13089
13109 13106
13129 13109
13192 13129
13253 13192
13257 13253
13267 13257
13274 13267
13293 13274
13333 13293
13337 13333
13357 13337
13364 13357
13302 13192
13334 13274
13340 13334
13346 13340
13354 13346
13458 13364
13469 13458
13473 13364
13488 13473
13564 13469
13571 13564
13576 13571
13612 13074
13603 13576
13606 13603
13624 13606
13681 13624
13698 13681
13703 13698
13652 13606
13708 13703
13657 13652
13710 13708
13670 13657
13744 13710
13753 13744
13762 13753
13734 13670
13826 13762
13833 13826
13898 13833
13899 13898
13929 13899
13967 13929
14031 13612
13980 13929
14056 14031
14041 13967
14054 14041
14060 14054
14069 14060
14083 14069
14087 14083
14040 13980
14158 14056
14151 14087
14089 14040
14164 14151
14174 14164
14204 14158
14163 14087
14237 14174
14245 14237
14255 14245
14202 14163
14273 14255
14307 14273
14268 14174
14359 14307
14441 14359
14443 14359
14494 14441
14447 14443
14456 14447
14517 14456
14589 14517
14608 14589
14616 14608
14572 14456
14648 14204
14639 14616
14655 14639
14682 14655
14716 14682
14750 14716
14761 14750
14835 14761
14846 14835
14860 14846
14807 14750
14866 14860
14883 14807
14947 14866
14919 14846
14972 14947
14936 14866
14941 14936
15025 14972
15031 15025
15057 14648
15042 15031
15051 15042
15064 15051
15079 15064
15149 15079
15114 15064
15199 15149
15153 15114
15232 15199
15235 15232
15190 15153
15248 15235
15269 15057
15278 15190
15301 15248
15371 15301
15378 15371
15385 15378
15388 15385
15433 15388
15439 15433
15456 15439
15428 15385
15505 15456
15530 15505
15482 15428
15546 15530
15559 15546
15585 15559
15539 15456
15601 15585
15581 15530
15632 15601
15664 15269
15665 15632
15681 15665
15710 15681
15717 15710
15741 15717
15749 15741
15712 15632
15782 15749
15785 15782
15800 15785
15833 15664
15848 15833
15827 15800
15831 15827
15858 15831
15796 15749
15818 15796
15889 15858
15894 15889
15850 15818
15917 15894
15925 15917
15930 15925
15985 15930
16043 15985
15999 15930
16056 15999
16141 16043
16153 16043
16090 16056
16113 16090
16206 16113
16218 16113
16229 16218
16313 16229
16239 16113
16258 16239
16338 16229
16360 16338
16361 16360
16381 16361
16343 16258
16420 16381
16436 16420
16451 16420
16507 16451
16508 16507
16530 16508
16535 16530
16620 16535
16645 16535
16651 16645
16656 16651
16676 16656
16684 16676
16816 16684
16768 16684
16848 16816
16860 16848
16815 16768
16872 16860
16876 16872
16919 16876
16868 16815
16926 16919
16935 16926
16936 16935
16946 16936
16991 16946
16944 16876
16947 16946
17026 16947
16961 16947
17041 17026
17172 17041
17007 16961
17032 17007
17125 17032
17166 17125
17231 17166
17110 17032
17145 17110
17300 17231
17163 17145
17234 17163
17379 17300
17397 17379
17371 17234
17380 17371
17462 17380
17479 17462
17498 17479
17452 17397
17503 17498
17553 17503
17583 17503
17620 17583
17683 17620
17702 17683
17665 17620
17724 17702
17729 17724
17738 17729
17740 17738
17769 17740
17722 17665
17780 17740
17792 17780
17850 17792
17805 17769
17834 17805
17853 17834
17858 17853
17929 17858
17885 17858
17968 17929
18015 17968
18037 18015
18090 18037
18107 18090
18172 18090
18175 18172
18119 18037
18224 18175
18246 18224
18183 18107
18281 18246
18331 18281
18320 18246
18322 18320
18339 18331
18402 18339
18352 18281
18450 18402
18484 18450
18485 18484
18540 18485
18543 18540
18555 18543
18539 18485
18591 18555
18606 18555
18619 18606
18656 18619
18556 18555
18724 18656
