3 0
5 3
8 5
2 0
4 0
7 4
9 7
10 9
19 8
20 19
23 20
26 23
29 26
32 29
31 2
39 32
40 39
13 0
48 40
49 48
51 49
52 51
24 9
47 31
55 52
11 10
12 11
65 55
15 12
72 65
74 72
76 74
77 76
68 15
70 68
81 77
71 70
90 81
87 71
94 90
41 0
97 94
98 97
100 98
16 15
17 16
99 87
73 17
113 100
18 17
21 18
22 21
106 99
36 0
25 22
27 25
112 106
122 113
30 27
33 30
34 33
35 34
127 35
37 35
128 127
101 73
134 122
135 134
38 37
139 135
140 139
88 10
42 38
43 42
136 43
138 136
96 88
46 43
155 140
147 138
67 36
157 155
50 46
53 50
159 157
54 53
161 159
56 54
165 161
58 56
59 58
60 59
160 60
62 60
63 62
64 63
69 64
86 67
110 96
116 110
172 69
75 69
78 75
79 78
93 86
80 79
28 0
186 100
1 0
6 1
191 39
14 6
220 191
221 220
188 73
242 165
196 188
44 14
250 242
45 44
253 250
166 165
309 253
171 166
243 221
61 45
249 243
263 249
231 55
245 77
103 61
304 263
145 103
219 17
353 304
173 145
175 171
368 353
343 242
375 368
182 175
347 253
189 173
436 309
376 375
380 376
261 219
392 380
448 436
194 182
395 392
215 189
218 215
377 194
384 377
232 218
388 384
391 388
399 391
406 399
262 232
268 262
509 406
276 268
280 276
522 509
283 280
471 406
431 406
476 471
441 431
468 395
480 468
306 283
510 480
512 510
346 306
530 512
535 530
583 522
362 346
365 362
539 535
540 539
424 365
514 441
559 514
547 540
528 514
410 365
411 410
584 559
414 411
430 414
363 194
593 547
622 593
626 622
696 584
487 430
708 696
657 584
422 363
507 487
718 708
651 626
684 657
694 684
679 651
647 528
531 507
683 679
544 531
659 647
558 544
773 718
722 683
785 773
619 558
793 785
754 694
796 793
717 659
741 722
597 558
733 717
610 597
623 610
779 741
784 779
761 733
634 623
812 754
637 634
643 637
819 784
666 643
898 796
811 761
834 819
836 834
870 796
851 836
853 851
702 666
923 898
706 702
886 870
828 811
867 853
940 923
835 828
889 867
850 835
730 706
735 730
871 850
881 871
887 881
801 735
897 887
950 897
931 889
1003 950
765 735
768 765
908 897
939 931
781 768
965 939
966 965
968 966
991 950
888 781
825 781
1090 1003
1043 991
1099 1090
1018 908
864 825
1024 1018
1031 1024
882 864
884 882
1038 1031
1073 968
907 884
909 907
969 909
1146 1038
1117 1038
1084 1038
1108 1073
1114 1108
1095 1084
1126 1114
1147 1095
1132 1126
1153 1147
1028 969
1109 1095
1156 1153
1218 1156
1174 1132
1255 1218
1191 1174
1196 1191
1106 1028
1230 1196
1235 1230
1280 1156
1330 1255
1283 1235
1353 1330
1311 1280
1300 1283
1176 1106
1394 1353
1344 1311
1331 1300
1424 1353
1410 1331
1294 1176
1421 1410
1466 1421
1469 1466
1483 1424
1485 1483
1393 1294
1400 1393
1404 1400
1520 1485
1500 1469
1574 1520
1549 1520
1559 1500
1550 1549
1468 1404
1589 1559
1596 1589
1606 1550
1677 1606
1620 1596
1636 1620
1505 1468
1656 1636
1665 1656
1657 1606
1678 1665
1693 1678
1676 1657
1699 1693
1687 1676
1709 1699
1726 1687
1744 1726
1784 1709
1794 1784
1790 1744
1806 1794
1807 1806
1802 1790
1815 1807
1818 1815
1804 1802
1843 1818
1849 1843
1850 1849
1840 1804
1917 1840
1847 1840
1869 1850
1943 1917
1953 1943
1884 1847
1906 1869
1900 1884
1904 1900
1837 1505
1938 1904
2043 1938
1957 1938
2044 2043
1964 1957
1989 1964
1880 1837
1998 1989
2021 1906
2019 1998
2108 2019
2032 2019
2038 2032
2040 2038
2051 2040
2052 2051
1956 1880
2066 2052
2115 2021
2119 2115
2113 2066
2114 2113
2142 2114
2059 1956
2174 2142
2074 2059
2179 2174
2237 2119
2320 2179
2252 2237
2160 2074
2265 2252
2288 2265
2323 2288
2324 2323
2325 2324
2329 2325
2403 2320
2341 2329
2406 2403
2335 2179
2359 2341
2241 2160
2368 2359
2457 2406
2397 2368
2399 2397
2420 2399
2444 2420
2447 2444
2448 2447
2432 2335
2450 2432
2478 2448
2471 2450
2490 2478
2568 2457
2571 2568
2398 2241
2510 2490
2513 2510
2518 2513
2548 2471
2550 2548
2552 2550
2659 2552
2567 2552
2617 2518
2634 2617
2620 2567
2628 2620
2643 2634
2636 2628
2658 2643
2734 2636
2672 2658
2676 2672
2669 2636
2694 2676
2692 2669
2710 2694
2704 2692
2725 2710
2735 2725
2742 2735
2745 2742
2747 2745
2779 2747
2784 2779
2792 2784
2807 2792
2748 2398
2928 2807
2930 2928
2916 2807
2924 2916
2957 2924
2845 2748
3059 2957
2904 2845
3037 2957
3088 3059
3048 3037
3118 3088
2979 2904
3143 3118
3144 3143
3105 3048
3108 3105
3201 3144
3154 3108
3158 3154
3217 3201
3179 3158
3089 2979
3263 3179
3307 3263
3304 3263
3188 3089
3212 3188
3328 3304
3359 3328
3446 3359
3396 3359
3463 3446
3424 3396
3442 3424
3478 3442
3483 3478
3356 3212
3519 3483
3537 3519
3435 3356
3586 3537
3601 3586
3481 3435
3633 3601
3657 3633
3664 3657
3761 3664
3809 3761
3764 3761
3831 3809
3837 3831
3814 3764
3817 3814
3821 3817
3922 3821
3871 3821
3903 3871
3984 3903
4012 3984
4014 4012
3967 3903
3828 3481
4026 4014
3841 3828
3991 3967
3995 3991
4015 3995
4029 4015
4030 4029
4034 4030
3889 3841
4065 4034
4132 4065
3949 3889
4090 4065
4164 4132
4143 4090
4159 4143
4059 3949
4218 4159
4230 4218
4234 4230
4238 4234
4247 4238
4256 4247
4261 4256
4356 4261
4316 4261
4201 4059
4378 4356
4405 4378
4368 4316
4249 4201
4258 4249
4289 4258
4441 4368
4449 4441
4461 4449
4506 4461
4476 4461
4504 4476
4383 4289
4518 4504
4410 4383
4538 4518
4430 4410
4565 4538
4622 4565
4477 4430
4604 4565
4609 4604
4616 4609
4505 4477
4629 4616
4715 4629
4748 4715
4755 4748
4723 4629
4596 4505
4734 4723
4900 4755
4735 4596
4876 4755
4887 4876
4892 4887
4893 4892
4978 4893
4952 4893
4999 4978
4815 4735
4983 4952
4984 4983
4847 4815
5045 4984
4888 4847
4918 4888
5062 4984
4949 4918
5080 5062
5124 5080
5127 5124
5173 5127
5216 5173
5230 5216
5200 5173
5081 4949
5265 5230
5242 5200
5272 5242
5319 5265
5326 5319
5296 5272
5305 5296
5321 5305
5328 5321
5208 5081
5381 5328
5378 5328
5451 5381
5452 5451
5409 5378
5430 5409
5448 5430
5494 5448
5553 5494
5511 5494
5515 5511
5631 5515
5470 5208
5649 5631
5669 5649
5652 5515
5692 5652
5573 5470
5697 5692
5705 5697
5708 5705
5712 5708
5723 5712
5740 5723
5801 5740
5841 5801
5802 5740
5824 5802
5877 5824
5923 5877
5887 5877
5822 5573
5985 5887
6047 5985
5872 5822
6081 6047
6104 6081
6140 6047
6144 6140
6194 6104
6154 6144
6164 6154
6184 6164
6247 6184
6197 6184
6210 6197
6212 6210
6215 6212
6223 6215
6229 6223
6236 6229
6269 6236
6343 6269
6285 6269
6346 6285
6360 6346
6444 6360
6408 6360
6416 6408
6441 6416
6445 6441
6518 6445
6482 6445
6574 6518
6498 6482
6585 6574
6526 6498
6552 6526
6578 6552
6580 6578
6590 6580
6644 6590
6740 6644
6695 6644
6829 6740
6827 6695
6858 6827
6900 6858
6884 6858
6923 6900
6885 6884
6894 6885
6912 6894
6919 6912
6981 6919
7011 6981
6978 6919
6990 6978
7018 6990
7019 7018
7026 7019
7085 7026
7063 7026
7071 7063
7075 7071
7124 7075
7130 7124
7168 7130
7145 7075
7171 7145
7255 7168
7220 7171
7270 7255
7281 7220
7296 7281
7305 7296
7334 7305
7338 7334
7355 7338
7420 7355
7364 7355
7376 7364
7385 7376
7396 7385
7408 7396
7498 7408
7515 7498
7595 7515
7605 7595
7618 7605
7650 7618
7659 7650
7662 7659
7718 7662
7695 7662
7773 7695
7781 7773
7811 7781
7874 7811
7842 7811
7848 7842
7902 7848
7872 7848
7933 7902
7904 7872
7973 7904
8071 7973
8243 8071
8201 8071
8226 8201
8256 8226
8317 8256
8283 8256
8327 8317
8290 8283
8293 8290
8303 8293
8314 8303
8400 8314
8424 8400
8465 8424
8477 8465
8521 8477
8545 8521
8605 8545
8582 8545
8657 8605
8633 8582
8655 8633
8677 8655
8739 8677
8702 8677
8714 8702
8731 8714
8839 8731
8855 8839
8859 8855
8894 8859
8908 8894
9038 8908
9068 9038
9026 8908
9117 9068
9149 9117
9153 9149
9115 9026
9154 9115
9202 9153
9163 9154
9186 9163
9237 9202
9247 9237
9240 9186
9249 9240
9253 9249
9260 9253
9265 9260
9273 9265
9282 9273
9348 9282
9390 9348
9408 9390
9489 9408
9475 9408
9487 9475
9565 9487
9535 9487
9539 9535
9591 9539
9556 9539
9567 9556
9592 9567
9637 9592
9615 9592
9626 9615
9631 9626
9696 9631
9655 9631
9691 9655
9745 9691
9701 9691
9703 9701
9721 9703
9747 9721
9754 9747
9851 9754
9854 9851
9904 9854
9921 9904
9985 9921
9981 9921
10034 9985
10006 9981
10015 10006
10081 10015
10045 10015
10062 10045
10084 10062
10089 10084
10098 10089
10138 10098
10101 10098
10148 10138
10110 10101
10115 10110
10178 10115
10139 10115
10177 10139
10238 10177
10264 10238
10294 10264
10362 10294
10389 10294
10551 10362
10594 10551
10614 10594
10582 10389
10599 10582
10629 10599
10630 10629
10695 10630
10713 10695
10822 10713
10827 10822
10768 10713
10786 10768
10797 10786
10814 10797
10835 10814
10840 10835
10846 10840
10931 10846
10851 10846
10855 10851
10946 10855
10910 10855
10929 10910
10933 10929
10938 10933
10950 10938
10962 10950
11049 10962
10981 10962
10996 10981
11005 10996
11019 11005
11025 11019
11109 11025
11130 11109
11137 11130
11083 11025
11173 11130
11177 11173
11229 11177
11242 11229
11301 11242
11307 11242
11309 11307
11382 11309
11388 11382
11345 11309
11361 11345
11403 11388
11378 11361
11409 11378
11422 11409
11455 11422
11475 11455
11497 11475
11563 11497
11531 11497
11533 11531
11601 11533
11607 11601
11602 11533
11605 11602
11656 11605
11713 11656
11681 11656
11736 11713
11811 11736
11759 11681
11780 11759
11863 11780
11921 11863
11941 11921
11890 11863
11895 11890
11918 11895
11962 11918
11922 11918
11978 11962
11949 11922
11968 11949
12036 11968
12070 12036
12029 11968
12030 12029
12097 12070
12061 12030
12077 12061
12078 12077
12085 12078
12175 12085
12148 12085
12210 12175
12211 12210
12245 12211
12249 12245
12196 12148
12215 12196
12223 12215
12250 12223
12253 12250
12256 12253
12318 12256
12381 12318
12330 12318
12391 12381
12351 12330
12415 12391
12371 12351
12378 12371
12379 12378
12450 12379
12399 12379
12427 12399
12496 12427
12458 12427
12461 12458
12534 12461
12494 12461
12495 12494
12544 12495
12520 12495
12610 12544
12628 12610
12589 12520
12601 12589
12664 12628
12684 12664
12663 12601
12676 12663
12700 12676
12711 12700
12781 12711
12766 12711
12913 12781
12929 12913
12875 12766
12943 12875
12995 12943
13060 12995
13089 13060
13106 13089
13109 13106
13129 13109
13192 13129
13302 13192
13253 13192
13257 13253
13267 13257
13274 13267
13334 13274
13340 13334
13346 13340
13293 13274
13354 13346
13333 13293
13337 13333
13357 13337
13364 13357
13473 13364
13488 13473
13458 13364
13469 13458
13564 13469
13571 13564
13576 13571
13603 13576
13606 13603
13652 13606
13657 13652
13624 13606
13670 13657
13681 13624
13734 13670
13698 13681
13703 13698
13708 13703
13710 13708
13744 13710
13753 13744
13762 13753
13826 13762
13833 13826
13898 13833
13899 13898
13929 13899
13980 13929
13967 13929
14040 13980
14089 14040
14041 13967
14054 14041
14060 14054
14069 14060
14083 14069
14087 14083
14163 14087
14151 14087
14202 14163
14164 14151
14174 14164
14268 14174
14237 14174
14245 14237
14255 14245
14273 14255
14307 14273
14359 14307
14443 14359
14447 14443
14456 14447
14441 14359
14494 14441
14572 14456
14517 14456
14589 14517
14608 14589
14616 14608
14639 14616
14655 14639
14682 14655
14716 14682
14750 14716
14807 14750
14761 14750
14883 14807
14835 14761
14846 14835
14919 14846
14860 14846
14866 14860
14936 14866
14941 14936
14947 14866
14972 14947
15025 14972
15031 15025
15042 15031
15051 15042
15064 15051
15114 15064
15079 15064
15153 15114
15190 15153
15149 15079
15199 15149
15278 15190
15232 15199
15235 15232
15248 15235
15301 15248
15371 15301
15378 15371
15385 15378
15428 15385
15388 15385
15482 15428
15433 15388
15439 15433
15456 15439
15539 15456
15505 15456
15530 15505
15581 15530
15546 15530
15559 15546
15585 15559
15601 15585
15632 15601
15712 15632
15665 15632
15681 15665
15710 15681
15717 15710
15741 15717
15749 15741
15796 15749
15818 15796
15782 15749
15785 15782
15850 15818
15800 15785
15827 15800
15831 15827
15858 15831
15889 15858
15894 15889
15917 15894
15925 15917
15930 15925
15999 15930
15985 15930
16056 15999
16043 15985
16090 16056
16113 16090
16141 16043
16153 16043
16239 16113
16206 16113
16258 16239
16218 16113
16229 16218
16343 16258
16313 16229
16338 16229
16360 16338
16361 16360
16381 16361
16420 16381
16436 16420
16451 16420
16507 16451
16508 16507
16530 16508
16535 16530
16620 16535
16645 16535
16651 16645
16656 16651
16676 16656
16684 16676
16768 16684
16815 16768
16816 16684
16868 16815
16848 16816
16860 16848
16872 16860
16876 16872
16944 16876
16919 16876
16926 16919
16935 16926
16936 16935
16946 16936
16947 16946
17026 16947
16991 16946
16961 16947
17041 17026
17007 16961
17032 17007
17125 17032
17166 17125
17110 17032
17172 17041
17231 17166
17145 17110
17163 17145
17300 17231
17234 17163
17379 17300
17397 17379
17371 17234
17380 17371
17452 17397
17462 17380
17479 17462
17498 17479
17503 17498
17583 17503
17553 17503
17620 17583
17665 17620
17683 17620
17722 17665
17702 17683
17724 17702
17729 17724
17738 17729
17740 17738
17769 17740
17805 17769
17780 17740
17834 17805
17792 17780
17853 17834
17858 17853
17885 17858
17850 17792
17929 17858
17968 17929
18015 17968
18037 18015
18119 18037
18090 18037
18107 18090
18183 18107
18172 18090
18175 18172
18224 18175
18246 18224
18281 18246
18352 18281
18320 18246
18322 18320
18331 18281
18339 18331
18402 18339
18450 18402
18484 18450
18485 18484
18539 18485
18540 18485
18543 18540
18555 18543
18606 18555
18556 18555
18619 18606
18591 18555
18656 18619
18607 18556
18724 18656
18662 18607
18670 18662
18761 18724
18699 18670
18714 18699
18726 18714
18731 18726
