36 0
67 36
86 67
93 86
13 0
4 0
7 4
9 7
10 9
11 10
12 11
15 12
16 15
28 0
17 16
1 0
6 1
57 6
73 17
66 57
3 0
5 3
14 6
8 5
2 0
85 66
19 8
20 19
23 20
26 23
188 73
29 26
101 73
41 0
32 29
196 188
31 2
44 14
45 44
39 32
40 39
48 40
61 45
49 48
51 49
52 51
55 52
47 31
231 55
65 55
88 10
72 65
74 72
76 74
68 15
77 76
245 77
81 77
96 88
70 68
90 81
94 90
97 94
71 70
98 97
100 98
103 61
110 96
116 110
18 17
186 100
87 71
113 100
99 87
122 113
145 103
106 99
21 18
22 21
134 122
135 134
139 135
25 22
112 106
140 139
27 25
30 27
33 30
219 17
34 33
35 34
155 140
37 35
127 35
128 127
157 155
159 157
173 145
38 37
161 159
42 38
165 161
242 165
343 242
250 242
253 250
347 253
189 173
191 39
166 165
171 166
175 171
261 219
182 175
220 191
221 220
215 189
218 215
194 182
377 194
232 218
384 377
388 384
391 388
243 221
399 391
249 243
406 399
263 249
262 232
268 262
276 268
280 276
283 280
431 406
441 431
304 263
363 194
309 253
306 283
346 306
353 304
362 346
422 363
368 353
365 362
375 368
424 365
514 441
376 375
380 376
392 380
395 392
528 514
410 365
411 410
414 411
471 406
476 471
430 414
436 309
448 436
468 395
480 468
487 430
559 514
509 406
510 480
512 510
507 487
522 509
530 512
535 530
647 528
531 507
539 535
540 539
584 559
544 531
659 647
547 540
558 544
619 558
583 522
717 659
593 547
597 558
657 584
733 717
610 597
622 593
626 622
623 610
761 733
684 657
694 684
634 623
637 634
643 637
651 626
666 643
679 651
683 679
811 761
696 584
702 666
754 694
708 696
706 702
828 811
718 708
835 828
722 683
850 835
730 706
735 730
871 850
741 722
881 871
887 881
801 735
812 754
897 887
765 735
768 765
908 897
773 718
779 741
785 773
784 779
781 768
793 785
796 793
870 796
819 784
886 870
888 781
825 781
834 819
836 834
851 836
853 851
867 853
1018 908
864 825
1024 1018
1031 1024
882 864
889 867
950 897
884 882
1038 1031
898 796
907 884
909 907
969 909
923 898
991 950
931 889
940 923
939 931
1084 1038
1095 1084
965 939
966 965
968 966
1109 1095
1110 1109
1028 969
1118 1110
1043 991
1003 950
1157 1118
1106 1028
1178 1157
1117 1038
1073 968
1090 1003
1099 1090
1147 1095
1153 1147
1156 1153
1108 1073
1237 1178
1114 1108
1126 1114
1132 1126
1176 1106
1146 1038
1291 1237
1301 1291
1174 1132
1191 1174
1196 1191
1342 1301
1349 1342
1363 1349
1280 1156
1218 1156
1230 1196
1235 1230
1294 1176
1311 1280
1255 1218
1283 1235
1344 1311
1429 1363
1300 1283
1330 1255
1331 1300
1461 1429
1393 1294
1400 1393
1471 1461
1353 1330
1404 1400
1424 1353
1509 1471
1394 1353
1516 1509
1410 1331
1528 1516
1536 1528
1421 1410
1468 1404
1563 1536
1483 1424
1485 1483
1570 1563
1577 1570
1593 1577
1600 1593
1608 1600
1505 1468
1466 1421
1469 1466
1520 1485
1549 1520
1550 1549
1649 1608
1500 1469
1606 1550
1685 1649
1559 1500
1574 1520
1589 1559
1596 1589
1657 1606
1620 1596
1676 1657
1687 1676
1636 1620
1792 1685
1800 1792
1656 1636
1726 1687
1665 1656
1821 1800
1744 1726
1677 1606
1678 1665
1693 1678
1699 1693
1709 1699
1790 1744
1802 1790
1804 1802
1896 1821
1903 1896
1840 1804
1837 1505
1784 1709
1847 1840
1794 1784
1806 1794
1963 1903
1880 1837
1884 1847
1900 1884
1904 1900
1938 1904
2018 1963
1957 1938
2050 2018
1956 1880
1964 1957
2062 2050
1917 1840
1989 1964
2070 2062
2077 2070
1998 1989
1807 1806
1943 1917
2093 2077
2097 2093
1815 1807
1818 1815
1953 1943
2109 2097
2019 1998
2117 2109
1843 1818
2032 2019
1849 1843
2038 2032
2040 2038
1850 1849
2051 2040
2052 2051
2059 1956
1869 1850
2066 2052
2074 2059
2043 1938
2044 2043
1906 1869
2182 2117
2184 2182
2113 2066
2114 2113
2191 2184
2142 2114
2202 2191
2211 2202
2212 2211
2160 2074
2108 2019
2174 2142
2179 2174
2021 1906
2306 2212
2313 2306
2331 2313
2241 2160
2115 2021
2119 2115
2237 2119
2252 2237
2265 2252
2335 2179
2288 2265
2430 2331
2452 2430
2453 2452
2323 2288
2324 2323
2398 2241
2432 2335
2320 2179
2450 2432
2471 2450
2570 2453
2596 2570
2599 2596
2603 2599
2606 2603
2618 2606
2403 2320
2406 2403
2548 2471
2550 2548
2552 2550
2567 2552
2457 2406
2678 2618
2687 2678
2690 2687
2696 2690
2620 2567
2628 2620
2636 2628
2568 2457
2571 2568
2740 2696
2669 2636
2692 2669
2704 2692
2838 2740
2748 2398
2847 2838
2659 2552
2880 2847
2888 2880
2893 2888
2926 2893
2845 2748
2936 2926
2734 2636
2941 2936
2950 2941
2974 2950
2904 2845
2990 2974
3020 2990
3029 3020
3035 3029
3042 3035
3049 3042
2979 2904
3062 3049
3094 3062
3097 3094
3150 3097
3089 2979
3167 3150
3194 3167
3219 3194
3223 3219
3188 3089
3212 3188
3287 3223
3294 3287
3336 3294
3379 3336
3411 3379
3430 3411
3356 3212
3435 3356
3481 3435
3595 3430
3609 3595
3632 3609
3647 3632
3660 3647
3696 3660
3705 3696
3706 3705
3738 3706
3767 3738
3800 3767
3812 3800
3858 3812
3859 3858
3868 3859
3883 3868
3894 3883
3913 3894
3828 3481
3841 3828
3935 3913
3951 3935
3952 3951
3965 3952
3889 3841
3989 3965
3949 3889
4087 3989
4059 3949
4161 4087
4197 4161
4201 4059
4286 4197
4302 4286
4314 4302
4249 4201
4258 4249
4376 4314
4289 4258
4385 4376
4444 4385
4467 4444
4470 4467
4383 4289
4474 4470
4410 4383
4430 4410
4526 4474
4477 4430
4570 4526
4505 4477
4583 4570
4594 4583
4651 4594
4673 4651
4596 4505
4691 4673
4706 4691
4725 4706
4782 4725
4787 4782
4735 4596
4870 4787
4815 4735
4907 4870
4909 4907
4938 4909
4847 4815
4888 4847
4991 4938
4918 4888
5005 4991
5036 5005
4949 4918
5104 5036
5125 5104
5153 5125
5159 5153
5081 4949
5199 5159
5204 5199
5205 5204
5220 5205
5235 5220
5255 5235
5208 5081
5320 5255
5342 5320
5358 5342
5374 5358
5458 5374
5464 5458
5475 5464
5480 5475
5484 5480
5529 5484
5538 5529
5470 5208
5567 5538
5572 5567
5644 5572
5645 5644
5573 5470
5661 5645
5714 5661
5715 5714
5774 5715
5786 5774
5806 5786
5890 5806
5899 5890
5822 5573
5953 5899
5872 5822
5970 5953
6031 5970
6037 6031
6072 6037
6095 6072
6108 6095
6116 6108
6156 6116
6180 6156
6270 6180
6283 6270
6327 6283
6359 6327
6377 6359
6379 6377
6389 6379
6415 6389
6481 6415
6488 6481
6553 6488
6592 6553
6639 6592
6643 6639
6650 6643
6660 6650
6665 6660
6668 6665
6676 6668
6684 6676
6715 6684
6747 6715
6823 6747
6824 6823
6838 6824
6890 6838
6954 6890
6967 6954
6975 6967
7012 6975
7073 7012
7094 7073
7098 7094
7125 7098
7139 7125
7175 7139
7177 7175
7181 7177
7188 7181
7251 7188
7328 7251
7333 7328
7361 7333
7433 7361
7516 7433
7601 7516
7604 7601
7614 7604
7615 7614
7671 7615
7731 7671
7746 7731
7757 7746
7772 7757
7778 7772
7797 7778
7838 7797
7864 7838
7889 7864
7914 7889
8000 7914
8009 8000
8082 8009
8084 8082
8125 8084
8141 8125
8159 8141
8178 8159
8220 8178
8257 8220
8310 8257
8349 8310
8356 8349
8414 8356
8435 8414
8436 8435
8457 8436
8458 8457
8613 8458
8619 8613
8679 8619
8690 8679
8767 8690
8803 8767
8848 8803
8883 8848
8953 8883
8986 8953
8997 8986
9043 8997
9049 9043
9062 9049
9098 9062
9108 9098
9126 9108
9193 9126
9224 9193
9271 9224
9326 9271
9342 9326
9350 9342
9357 9350
9379 9357
9381 9379
9419 9381
9435 9419
9486 9435
9568 9486
9645 9568
9648 9645
9684 9648
9716 9684
9720 9716
9739 9720
9766 9739
9776 9766
9846 9776
9867 9846
9875 9867
9912 9875
9927 9912
9984 9927
9988 9984
9989 9988
10012 9989
10035 10012
10037 10035
10054 10037
10175 10054
10226 10175
10232 10226
10244 10232
10306 10244
10315 10306
10369 10315
10454 10369
10489 10454
10501 10489
10563 10501
10569 10563
10576 10569
10588 10576
10596 10588
10681 10596
10727 10681
10816 10727
10817 10816
10836 10817
10850 10836
10895 10850
10939 10895
10960 10939
10965 10960
11011 10965
11045 11011
11062 11045
11133 11062
11134 11133
11154 11134
11157 11154
11162 11157
11171 11162
11172 11171
11210 11172
11276 11210
11306 11276
11308 11306
11311 11308
11387 11311
11410 11387
11426 11410
11460 11426
11473 11460
11508 11473
11510 11508
11519 11510
11550 11519
11564 11550
11583 11564
11621 11583
11671 11621
11682 11671
11714 11682
11724 11714
11741 11724
11753 11741
11776 11753
11852 11776
11874 11852
11879 11874
11897 11879
11958 11897
11985 11958
12031 11985
12039 12031
12073 12039
12107 12073
12145 12107
12176 12145
12186 12176
12194 12186
12201 12194
12230 12201
12236 12230
12266 12236
12268 12266
12271 12268
12287 12271
12308 12287
12323 12308
12326 12323
12335 12326
12345 12335
12346 12345
12350 12346
12364 12350
12384 12364
12398 12384
12432 12398
12440 12432
12517 12440
12523 12517
12545 12523
12569 12545
12584 12569
12594 12584
12607 12594
12620 12607
12653 12620
12658 12653
12665 12658
12669 12665
12681 12669
12712 12681
12772 12712
12778 12772
12829 12778
12856 12829
12885 12856
12903 12885
12907 12903
12911 12907
12938 12911
12965 12938
12967 12965
13061 12967
13104 13061
13119 13104
13144 13119
13149 13144
13217 13149
13244 13217
13248 13244
13250 13248
13252 13250
13255 13252
13301 13255
13339 13301
13349 13339
13380 13349
13387 13380
13389 13387
13396 13389
13412 13396
13441 13412
13513 13441
13549 13513
13553 13549
13559 13553
13562 13559
13567 13562
13656 13567
13758 13656
13815 13758
13838 13815
13843 13838
13933 13843
13940 13933
13973 13940
14000 13973
14047 14000
14079 14047
14084 14079
14137 14084
14225 14137
14244 14225
14265 14244
14297 14265
14302 14297
14316 14302
14384 14316
14389 14384
14410 14389
14414 14410
14451 14414
14473 14451
14510 14473
14561 14510
14578 14561
14599 14578
14623 14599
14628 14623
14681 14628
14719 14681
14720 14719
14724 14720
14753 14724
14815 14753
14880 14815
14942 14880
14997 14942
15008 14997
15011 15008
15097 15011
15103 15097
15120 15103
15154 15120
15164 15154
15185 15164
15224 15185
15245 15224
15254 15245
15275 15254
15297 15275
15315 15297
15406 15315
15416 15406
15431 15416
15458 15431
15470 15458
15483 15470
15537 15483
15567 15537
15612 15567
15618 15612
15620 15618
15668 15620
15674 15668
15680 15674
15700 15680
15759 15700
15760 15759
15768 15760
15781 15768
15821 15781
15871 15821
15877 15871
16015 15877
16067 16015
16146 16067
16168 16146
16199 16168
16245 16199
16263 16245
16292 16263
16317 16292
16322 16317
16328 16322
16329 16328
16332 16329
16415 16332
16434 16415
16443 16434
16542 16443
16570 16542
16577 16570
16621 16577
16638 16621
16664 16638
16675 16664
16705 16675
16730 16705
16743 16730
16767 16743
16790 16767
16791 16790
16811 16791
16825 16811
16829 16825
16843 16829
16863 16843
16905 16863
16908 16905
17012 16908
17030 17012
17094 17030
17115 17094
17119 17115
17139 17119
17182 17139
17202 17182
17282 17202
17294 17282
17344 17294
17346 17344
17353 17346
17365 17353
17418 17365
17433 17418
17439 17433
17445 17439
17458 17445
17459 17458
17471 17459
17480 17471
17528 17480
17541 17528
17568 17541
17575 17568
17608 17575
17645 17608
17716 17645
17728 17716
17773 17728
17849 17773
17916 17849
17921 17916
17941 17921
17962 17941
17966 17962
17989 17966
17995 17989
18002 17995
18018 18002
18019 18018
18029 18019
18041 18029
18071 18041
18110 18071
18131 18110
18186 18131
18208 18186
18261 18208
18267 18261
18316 18267
18423 18316
18443 18423
18449 18443
18455 18449
18506 18455
18534 18506
18546 18534
18551 18546
18691 18551
18745 18691
18763 18745
18767 18763
18798 18767
