1 0
6 1
14 6
28 0
44 14
45 44
61 45
57 6
66 57
85 66
103 61
145 103
36 0
173 145
67 36
189 173
86 67
93 86
13 0
4 0
215 189
7 4
218 215
9 7
10 9
11 10
12 11
15 12
232 218
16 15
17 16
219 17
262 232
268 262
73 17
276 268
3 0
280 276
261 219
283 280
2 0
188 73
101 73
41 0
196 188
306 283
31 2
47 31
346 306
88 10
68 15
96 88
70 68
362 346
365 362
71 70
110 96
116 110
18 17
87 71
99 87
106 99
21 18
410 365
22 21
411 410
112 106
25 22
414 411
430 414
424 365
487 430
507 487
531 507
544 531
558 544
597 558
610 597
623 610
619 558
634 623
637 634
643 637
666 643
702 666
706 702
730 706
735 730
765 735
768 765
781 768
801 735
825 781
864 825
882 864
884 882
888 781
907 884
909 907
910 909
912 910
969 909
995 912
1002 995
1012 1002
1028 969
1042 1012
1047 1042
1102 1047
1115 1102
1106 1028
1130 1115
1169 1130
1184 1169
1193 1184
1176 1106
1199 1193
1223 1199
1227 1223
1236 1227
1240 1236
1263 1240
1265 1263
1276 1265
1294 1176
1332 1276
1341 1332
1348 1341
1386 1348
1389 1386
1393 1294
1400 1393
1415 1389
1404 1400
1453 1415
1475 1453
1468 1404
1496 1475
1513 1496
1518 1513
1505 1468
1529 1518
1534 1529
1564 1534
1595 1564
1660 1595
1664 1660
1674 1664
1716 1674
1717 1716
1789 1717
1801 1789
1819 1801
1837 1505
1875 1819
1880 1837
1951 1875
1959 1951
1960 1959
1973 1960
1956 1880
1978 1973
1982 1978
1992 1982
2031 1992
2033 2031
2039 2033
2045 2039
2061 2045
2059 1956
2086 2061
2074 2059
2136 2086
2146 2136
2151 2146
2155 2151
2164 2155
2160 2074
2210 2164
2242 2210
2241 2160
2374 2242
2388 2374
2393 2388
2405 2393
2410 2405
2398 2241
2429 2410
2458 2429
2462 2458
2501 2462
2525 2501
2591 2525
2600 2591
2621 2600
2629 2621
2637 2629
2673 2637
2750 2673
2748 2398
2778 2750
2797 2778
2845 2748
2890 2797
2897 2890
2904 2845
2943 2897
2944 2943
2963 2944
2987 2963
2979 2904
2991 2987
2993 2991
2995 2993
3058 2995
3069 3058
3081 3069
3082 3081
3083 3082
3089 2979
3146 3083
3171 3146
3188 3089
3208 3171
3209 3208
3212 3188
3226 3209
3233 3226
3246 3233
3261 3246
3269 3261
3281 3269
3318 3281
3331 3318
3340 3331
3347 3340
3355 3347
3356 3212
3380 3355
3388 3380
3404 3388
3432 3404
3443 3432
3453 3443
3435 3356
3472 3453
3485 3472
3490 3485
3496 3490
3481 3435
3551 3496
3558 3551
3593 3558
3629 3593
3641 3629
3649 3641
3674 3649
3691 3674
3713 3691
3715 3713
3726 3715
3746 3726
3796 3746
3808 3796
3828 3481
3841 3828
3867 3808
3889 3841
3927 3867
3937 3927
3938 3937
3940 3938
3941 3940
3949 3889
4007 3941
4016 4007
4027 4016
4046 4027
4052 4046
4063 4052
4059 3949
4129 4063
4130 4129
4139 4130
4195 4139
4202 4195
4205 4202
4207 4205
4201 4059
4241 4207
4249 4201
4258 4249
4296 4241
4289 4258
4312 4296
4325 4312
4342 4325
4360 4342
4391 4360
4392 4391
4383 4289
4410 4383
4431 4392
4442 4431
4430 4410
4450 4442
4451 4450
4477 4430
4509 4451
4513 4509
4517 4513
4505 4477
4553 4517
4589 4553
4596 4505
4677 4589
4685 4677
4740 4685
4746 4740
4747 4746
4735 4596
4766 4747
4771 4766
4780 4771
4815 4735
4833 4780
4839 4833
4852 4839
4847 4815
4860 4852
4867 4860
4881 4867
4888 4847
4908 4881
4925 4908
4918 4888
4960 4925
4949 4918
4977 4960
5003 4977
5008 5003
5015 5008
5023 5015
5025 5023
5031 5025
5069 5031
5093 5069
5081 4949
5112 5093
5119 5112
5140 5119
5162 5140
5193 5162
5217 5193
5208 5081
5241 5217
5249 5241
5298 5249
5302 5298
5316 5302
5325 5316
5332 5325
5356 5332
5359 5356
5383 5359
5410 5383
5412 5410
5422 5412
5424 5422
5440 5424
5466 5440
5483 5466
5470 5208
5499 5483
5508 5499
5578 5508
5573 5470
5612 5578
5616 5612
5617 5616
5618 5617
5629 5618
5630 5629
5690 5630
5698 5690
5755 5698
5772 5755
5797 5772
5834 5797
5822 5573
5858 5834
5868 5858
5882 5868
5883 5882
5872 5822
5876 5872
5898 5883
5900 5898
5910 5900
5929 5910
5932 5929
5937 5932
5962 5937
5964 5962
5979 5964
5983 5979
5993 5983
6021 5993
6028 6021
6035 6028
6067 6035
6080 6067
6096 6080
6105 6096
6102 5876
6120 6105
6112 6102
6182 6112
6196 6120
6211 6196
6227 6211
6315 6227
6328 6315
6350 6328
6355 6350
6378 6355
6439 6378
6450 6439
6456 6450
6478 6456
6501 6478
6534 6501
6539 6534
6545 6539
6546 6545
6564 6546
6576 6564
6606 6576
6671 6606
6688 6671
6710 6688
6704 6182
6749 6710
6755 6749
6772 6755
6767 6704
6794 6772
6825 6794
6828 6825
6849 6828
6863 6849
6886 6863
6896 6886
6897 6896
6902 6897
6904 6902
6908 6767
6928 6904
6965 6928
6985 6965
6987 6908
7001 6985
7025 7001
7030 7025
7036 7030
7061 7036
7057 6987
7131 7061
7167 7131
7187 7057
7230 7167
7234 7230
7262 7234
7290 7262
7292 7290
7366 7292
7381 7366
7386 7381
7415 7386
7425 7415
7431 7425
7441 7431
7470 7187
7496 7441
7513 7496
7520 7513
7522 7520
7525 7522
7518 7470
7561 7525
7572 7561
7580 7572
7585 7518
7612 7580
7637 7612
7638 7637
7647 7585
7668 7638
7669 7668
7677 7669
7701 7677
7710 7701
7755 7710
7761 7755
7764 7761
7768 7764
7801 7768
7833 7801
7867 7833
7869 7867
7870 7869
7873 7870
7878 7873
7898 7647
7932 7898
7935 7932
7947 7878
7953 7947
7961 7953
7959 7935
8022 7961
8032 7959
8054 8022
8037 8032
8098 8054
8117 8098
8118 8117
8110 8037
8127 8118
8144 8127
8155 8144
8176 8155
8183 8176
8203 8183
8232 8203
8241 8232
8250 8241
8258 8250
8260 8258
8275 8260
8288 8275
8295 8288
8321 8295
8322 8321
8325 8322
8343 8325
8357 8343
8359 8357
8365 8359
8367 8365
8375 8367
8376 8375
8368 8110
8394 8376
8379 8368
8401 8394
8405 8401
8417 8405
8440 8417
8463 8440
8464 8379
8480 8463
8505 8480
8541 8505
8556 8541
8576 8556
8577 8576
8591 8577
8616 8591
8640 8464
8678 8616
8687 8678
8717 8687
8698 8640
8723 8717
8742 8698
8758 8723
8761 8758
8765 8742
8805 8761
8838 8805
8844 8838
8835 8765
8876 8844
8881 8876
8929 8881
8950 8929
8957 8950
8958 8835
8978 8957
8980 8978
8981 8980
9020 8981
9031 9020
9036 9031
9053 9036
9047 8958
9073 9053
9089 9073
9121 9089
9125 9121
9147 9125
9155 9147
9156 9047
9208 9155
9217 9208
9228 9217
9255 9228
9334 9156
9366 9255
9383 9366
9384 9383
9402 9384
9405 9402
9416 9405
9428 9416
9433 9428
9459 9433
9466 9459
9461 9334
9492 9466
9480 9461
9530 9492
9564 9530
9576 9564
9587 9576
9593 9587
9594 9593
9595 9594
9597 9595
9611 9597
9661 9611
9671 9661
9675 9671
9678 9675
9714 9678
9753 9714
9758 9753
9772 9758
9804 9772
9807 9804
9814 9807
9830 9814
9831 9830
9839 9831
9843 9839
9849 9843
9834 9480
9856 9849
9864 9856
9868 9864
9860 9834
9935 9868
9954 9935
9966 9954
9967 9966
9975 9967
9987 9975
10001 9987
10024 10001
10031 10024
10033 10031
10049 10033
10055 10049
10072 10055
10083 10072
10073 9860
10096 10083
10149 10073
10186 10096
10194 10186
10228 10194
10219 10149
10256 10228
10259 10256
10265 10219
10300 10259
10309 10300
10312 10309
10350 10312
10373 10350
10385 10373
10366 10265
10390 10385
10391 10390
10396 10391
10417 10396
10426 10417
10428 10426
10442 10428
10456 10442
10455 10366
10478 10456
10484 10478
10503 10484
10608 10503
10611 10608
10616 10611
10617 10616
10619 10617
10625 10619
10634 10625
10643 10634
10660 10643
10686 10660
10696 10686
10728 10696
10752 10728
10753 10752
10778 10753
10801 10778
10832 10801
10837 10832
10845 10837
10852 10845
10869 10852
10898 10869
10930 10898
11006 10455
11032 10930
11037 11032
11040 11006
11050 11037
11053 11050
11068 11053
11096 11068
11111 11096
11122 11111
11145 11122
11161 11145
11150 11040
11194 11161
11202 11194
11196 11150
11235 11202
11243 11235
11249 11243
11246 11196
11267 11249
11274 11267
11278 11274
11281 11278
11300 11281
11304 11300
11305 11304
11328 11305
11344 11328
11346 11344
11329 11246
11352 11346
11369 11352
11379 11369
11380 11379
11381 11380
11383 11381
11404 11383
11436 11404
11445 11436
11446 11445
11452 11446
11454 11452
11490 11454
11493 11490
11482 11329
11554 11493
11590 11554
11591 11590
11594 11591
11620 11594
11622 11620
11639 11622
11661 11639
11670 11661
11749 11670
11755 11749
11777 11482
11815 11755
11837 11815
11842 11837
11831 11777
11833 11831
11866 11842
11880 11866
11887 11880
11891 11887
11912 11891
11926 11912
11928 11926
11937 11928
11943 11833
11959 11937
11979 11959
11982 11979
12011 11982
12024 12011
12041 12024
12071 12041
12072 12071
12084 12072
12095 12084
12101 12095
12096 11943
12118 12101
12154 12118
12171 12154
12209 12171
12203 12096
12221 12209
12231 12221
12241 12231
12244 12203
12257 12241
12270 12257
12274 12270
12258 12244
12289 12274
12273 12258
12297 12289
12303 12297
12304 12303
12314 12304
12333 12314
12342 12333
12355 12342
12339 12273
12363 12355
12369 12363
12388 12369
12402 12388
12418 12402
12443 12418
12462 12443
12449 12339
12485 12462
12506 12485
12519 12506
12511 12449
12573 12519
12579 12573
12595 12579
12629 12595
12631 12629
12634 12631
12642 12634
12644 12642
12667 12644
12661 12511
12678 12667
12717 12678
12701 12661
12714 12701
12735 12717
12756 12735
12784 12756
12785 12784
12792 12785
12795 12792
12797 12795
12799 12797
12801 12799
12810 12801
12813 12810
12822 12813
12837 12822
12853 12837
12857 12853
12860 12857
12873 12860
12892 12873
12879 12714
12909 12892
12932 12909
12951 12932
12953 12951
12930 12879
12956 12953
13016 12956
13030 13016
13045 12930
13071 13030
13080 13071
13090 13045
13112 13080
13122 13112
13132 13122
13142 13132
13134 13090
13181 13142
13183 13181
13225 13183
13242 13225
13246 13242
13241 13134
13264 13246
13276 13264
13294 13276
13299 13294
13311 13299
13324 13311
13325 13324
13336 13325
13401 13336
13404 13401
13407 13404
13427 13407
13433 13427
13449 13433
13439 13241
13476 13449
13494 13476
13501 13494
13507 13501
13515 13507
13534 13515
13506 13439
13539 13506
13545 13539
13568 13534
13584 13568
13586 13584
13607 13586
13597 13545
13625 13607
13626 13625
13618 13597
13648 13626
13654 13648
13693 13654
13704 13618
13731 13693
13763 13731
13757 13704
13781 13763
13819 13781
13823 13819
13853 13823
13875 13757
13937 13853
13945 13937
13956 13945
13992 13956
13994 13992
13997 13994
13988 13875
14003 13988
14022 13997
14036 14022
14050 14036
14057 14050
14064 14057
14096 14064
14104 14096
14100 14003
14171 14104
14173 14171
14175 14173
14182 14175
14190 14182
14191 14190
14192 14191
14200 14192
14197 14100
14215 14200
14221 14215
14231 14221
14281 14231
14309 14281
14304 14197
14326 14309
14332 14326
14348 14332
14354 14348
14376 14354
14379 14376
14387 14379
14418 14387
14425 14304
14440 14418
14445 14440
14453 14445
14471 14453
14459 14425
14487 14471
14496 14487
14508 14496
14544 14508
14547 14544
14556 14547
14591 14556
14598 14591
14602 14598
14617 14602
14645 14617
14646 14645
14654 14646
14664 14654
14688 14459
14711 14664
14767 14711
14775 14767
14784 14775
14772 14688
14794 14784
14796 14794
14804 14772
14814 14804
14837 14796
14854 14837
14862 14854
14865 14862
14876 14865
14886 14876
14896 14886
14907 14896
14918 14907
14929 14918
14932 14929
14953 14932
14955 14953
14960 14955
14950 14814
14996 14960
15005 14996
14992 14950
15009 15005
15024 15009
15026 15024
15035 15026
15055 14992
15087 15035
15088 15087
15113 15088
15134 15113
15159 15134
15162 15159
15170 15162
15171 15170
15191 15171
15193 15191
15197 15193
15205 15197
15229 15205
15237 15229
15244 15237
15252 15244
15260 15055
15298 15252
15308 15298
15313 15308
15336 15313
15329 15260
15347 15336
15382 15329
15393 15347
15422 15393
15429 15422
15434 15429
15448 15434
15455 15448
15478 15455
15450 15382
15514 15450
15552 15478
15550 15514
15590 15552
15622 15590
15623 15622
15630 15623
15639 15630
15646 15550
15667 15639
15653 15646
15684 15667
15686 15684
15695 15686
15690 15653
15714 15695
15719 15714
15728 15719
15732 15728
15746 15732
15754 15746
15780 15754
15809 15780
15825 15809
15804 15690
15805 15804
15844 15825
15874 15844
15903 15874
15915 15903
15950 15915
15971 15950
15982 15971
16002 15982
16017 16002
16022 16017
16025 16022
16048 16025
16061 16048
16065 16061
16098 16065
16084 15805
16109 16098
16116 16109
16139 16116
16150 16139
16166 16150
16178 16166
16196 16178
16202 16196
16203 16202
16265 16203
16272 16265
16301 16272
16290 16084
16310 16301
16346 16290
16385 16310
16393 16385
16396 16393
16414 16396
16431 16414
16446 16431
16458 16446
16461 16458
16466 16461
16473 16466
16486 16473
16489 16486
16483 16346
16499 16489
16518 16499
16519 16518
16531 16519
16541 16531
16568 16541
16582 16568
16626 16582
16632 16626
16640 16632
16641 16640
16658 16641
16668 16658
16698 16668
16722 16698
16726 16722
16729 16726
16734 16729
16739 16734
16740 16739
16748 16740
16757 16748
16759 16757
16770 16759
16756 16483
16784 16770
16786 16784
16810 16786
16801 16756
16823 16810
16832 16823
16846 16832
16877 16846
16878 16877
16865 16801
16903 16878
16913 16903
16938 16913
16955 16938
17021 16955
17013 16865
17052 17021
17057 17052
17077 17057
17083 17077
17096 17083
17102 17096
17106 17102
17126 17106
17135 17126
17180 17135
17185 17180
17196 17185
17204 17196
17241 17204
17264 17241
17273 17264
17286 17273
17296 17286
17301 17296
17302 17301
17307 17302
17314 17307
17317 17314
17318 17317
17340 17318
17381 17340
17398 17381
17402 17398
17390 17013
17415 17402
17438 17415
17454 17438
17490 17454
17499 17490
17506 17499
17507 17506
17515 17507
17518 17515
17523 17518
17530 17523
17550 17530
17554 17550
17557 17554
17571 17390
17596 17557
17598 17596
17659 17598
17707 17659
17727 17571
17753 17707
17782 17753
17798 17782
17836 17798
17822 17727
17839 17836
17889 17839
17895 17889
17906 17895
17925 17906
17919 17822
17945 17925
17947 17945
17950 17947
17983 17950
18004 17983
18025 18004
18026 18025
18016 17919
18038 18026
18049 18038
18053 18049
18064 18053
18093 18064
18082 18016
18143 18093
18153 18143
18159 18153
18147 18082
18191 18159
18193 18191
18242 18193
18252 18242
18254 18252
18229 18147
18256 18254
18280 18256
18330 18280
18333 18229
18351 18330
18385 18351
18451 18385
18461 18451
18469 18461
18454 18333
18471 18469
18509 18471
18510 18509
18521 18510
18541 18521
18535 18454
18550 18541
18552 18550
18557 18552
18618 18557
18624 18618
18628 18624
18631 18628
18633 18631
18669 18633
18672 18669
18688 18672
18755 18688
18758 18755
18759 18758
18777 18759
18778 18535
