28 0
1 0
6 1
57 6
66 57
14 6
85 66
44 14
45 44
61 45
36 0
67 36
103 61
86 67
93 86
13 0
4 0
7 4
145 103
9 7
10 9
11 10
12 11
15 12
16 15
17 16
219 17
173 145
189 173
73 17
3 0
261 219
2 0
215 189
218 215
188 73
101 73
41 0
232 218
196 188
31 2
47 31
262 232
268 262
88 10
276 268
68 15
280 276
96 88
283 280
70 68
71 70
110 96
116 110
306 283
18 17
87 71
99 87
106 99
21 18
22 21
346 306
112 106
25 22
27 25
30 27
33 30
34 33
35 34
127 35
37 35
128 127
38 37
42 38
362 346
365 362
424 365
410 365
411 410
414 411
430 414
487 430
507 487
531 507
544 531
558 544
619 558
597 558
610 597
623 610
634 623
637 634
643 637
666 643
702 666
706 702
730 706
735 730
801 735
765 735
768 765
781 768
888 781
825 781
864 825
882 864
884 882
907 884
909 907
969 909
1028 969
1106 1028
1176 1106
1294 1176
1393 1294
1400 1393
1404 1400
1468 1404
1505 1468
1837 1505
1880 1837
1956 1880
2059 1956
2074 2059
2160 2074
2241 2160
2398 2241
2748 2398
2845 2748
2904 2845
2979 2904
3089 2979
3188 3089
3212 3188
3356 3212
3435 3356
3481 3435
3828 3481
3841 3828
3889 3841
3949 3889
4059 3949
4201 4059
4249 4201
4258 4249
4289 4258
4383 4289
4410 4383
4430 4410
4477 4430
4505 4477
4596 4505
4735 4596
4815 4735
4847 4815
4888 4847
4918 4888
4949 4918
5081 4949
5208 5081
5470 5208
5573 5470
5822 5573
5872 5822
5876 5872
6102 5876
6112 6102
6182 6112
6704 6182
6767 6704
6908 6767
6987 6908
7057 6987
7187 7057
7470 7187
7518 7470
7585 7518
7647 7585
7898 7647
7932 7898
7935 7932
7959 7935
8032 7959
8037 8032
8110 8037
8368 8110
8379 8368
8464 8379
8640 8464
8698 8640
8742 8698
8765 8742
8835 8765
8958 8835
9047 8958
9156 9047
9334 9156
9461 9334
9480 9461
9834 9480
9860 9834
10073 9860
10149 10073
10219 10149
10265 10219
10366 10265
10455 10366
11006 10455
11040 11006
11150 11040
11196 11150
11246 11196
11329 11246
11482 11329
11777 11482
11831 11777
11833 11831
11943 11833
12096 11943
12203 12096
12244 12203
12258 12244
12273 12258
12339 12273
12449 12339
12511 12449
12661 12511
12701 12661
12714 12701
12879 12714
12930 12879
13045 12930
13090 13045
13134 13090
13241 13134
13439 13241
13506 13439
13539 13506
13545 13539
13597 13545
13618 13597
13704 13618
13757 13704
13875 13757
13988 13875
14003 13988
14100 14003
14197 14100
14304 14197
14425 14304
14459 14425
14688 14459
14772 14688
14804 14772
14814 14804
14950 14814
14992 14950
15055 14992
15260 15055
15329 15260
15382 15329
15450 15382
15514 15450
15550 15514
15646 15550
15653 15646
15690 15653
15804 15690
15805 15804
16084 15805
16290 16084
16346 16290
16483 16346
16756 16483
16801 16756
16865 16801
17013 16865
17390 17013
17571 17390
17727 17571
17822 17727
17919 17822
18016 17919
18082 18016
18147 18082
18229 18147
18333 18229
18454 18333
18535 18454
18778 18535
