2 0
31 2
13 0
4 0
47 31
7 4
9 7
24 9
10 9
11 10
12 11
15 12
68 15
70 68
71 70
87 71
3 0
5 3
8 5
99 87
16 15
19 8
20 19
17 16
18 17
21 18
22 21
106 99
23 20
26 23
29 26
112 106
25 22
27 25
36 0
32 29
30 27
33 30
34 33
35 34
127 35
37 35
128 127
39 32
40 39
38 37
41 0
42 38
43 42
136 43
138 136
48 40
46 43
49 48
147 138
51 49
52 51
50 46
53 50
55 52
54 53
67 36
56 54
58 56
59 58
60 59
160 60
65 55
62 60
63 62
64 63
69 64
72 65
74 72
76 74
77 76
86 67
172 69
75 69
78 75
79 78
81 77
80 79
82 80
83 82
180 83
93 86
84 83
88 10
90 81
89 84
94 90
91 89
92 91
97 94
98 97
95 92
96 88
100 98
73 17
190 95
102 95
104 102
28 0
204 104
105 104
113 100
110 96
116 110
122 113
101 73
224 204
211 105
134 122
135 134
139 135
140 139
1 0
236 224
6 1
155 140
157 155
159 157
14 6
161 159
165 161
166 165
171 166
175 171
254 211
182 175
188 73
196 188
44 14
194 182
45 44
191 39
205 190
299 236
61 45
213 205
214 213
186 100
220 191
221 220
231 55
319 299
227 214
233 227
245 77
234 233
330 319
244 234
243 221
249 243
103 61
265 244
263 249
267 265
355 267
348 254
242 165
270 267
272 270
273 272
275 273
281 275
250 242
253 250
284 281
285 284
286 285
145 103
293 286
296 293
386 296
297 296
300 297
301 300
302 301
219 17
304 263
308 302
309 253
312 308
316 312
173 145
320 316
323 320
324 323
404 348
329 324
415 329
416 415
343 242
335 329
347 253
189 173
340 335
341 340
342 341
425 342
349 342
350 349
261 219
353 304
357 350
359 357
361 359
215 189
218 215
368 353
377 194
375 368
384 377
232 218
388 384
391 388
376 375
380 376
461 361
385 361
452 275
390 385
399 391
392 380
395 392
406 399
485 390
405 390
262 232
268 262
408 405
499 408
276 268
280 276
417 408
420 417
283 280
471 406
431 406
476 471
363 194
513 420
441 431
436 309
438 420
306 283
444 438
445 444
536 445
448 436
546 536
457 445
346 306
467 457
470 467
468 395
475 470
477 475
480 468
484 477
562 484
486 484
422 363
488 486
490 488
565 490
492 490
362 346
495 492
496 495
365 362
498 496
500 498
501 500
424 365
514 441
576 501
509 406
510 480
559 514
512 510
516 501
517 516
520 517
528 514
522 509
523 520
591 523
592 591
532 523
530 512
535 530
600 592
538 532
539 535
540 539
410 365
411 410
584 559
414 411
547 540
556 538
557 556
430 414
633 557
567 557
569 567
571 569
575 571
578 575
580 578
582 580
583 522
593 547
671 582
596 582
677 671
598 596
599 598
487 430
670 520
608 599
657 584
614 608
616 614
621 616
700 621
622 593
507 487
626 622
629 621
709 700
684 657
636 629
694 684
647 528
531 507
642 636
644 642
646 644
659 647
544 531
731 646
651 626
655 646
658 655
737 658
660 658
662 660
663 662
665 663
748 665
558 544
680 665
679 651
683 679
686 680
619 558
693 686
695 693
699 695
701 699
696 584
772 701
703 701
704 703
774 704
707 704
754 694
708 696
717 659
786 774
718 708
721 707
722 683
597 558
802 786
727 721
733 717
610 597
732 727
736 732
623 610
741 722
744 736
746 744
747 746
749 747
751 749
761 733
823 751
758 751
762 758
634 623
763 762
812 754
637 634
842 763
643 637
773 718
780 763
856 842
779 741
783 780
785 773
784 779
863 856
666 643
790 783
872 863
793 785
796 793
798 790
800 798
885 800
804 800
811 761
805 804
806 805
807 806
816 807
870 796
702 666
706 702
819 784
886 870
828 811
835 828
827 816
919 827
829 827
830 829
832 830
834 819
937 832
836 834
850 835
843 832
938 937
848 843
849 848
730 706
851 836
947 849
854 849
949 947
853 851
735 730
871 850
861 854
868 861
869 868
867 853
881 871
873 869
887 881
801 735
878 873
879 878
979 879
982 979
897 887
889 867
892 879
950 897
893 892
765 735
895 893
896 895
768 765
899 896
898 796
900 899
908 897
983 872
781 768
925 900
923 898
927 925
929 927
991 950
931 889
940 923
939 931
943 929
946 943
948 946
952 948
962 952
964 962
965 939
966 965
968 966
976 964
978 976
825 781
888 781
1056 978
980 978
986 980
1059 873
1043 991
994 986
1001 994
1003 950
1010 1001
864 825
1018 908
1024 1018
1019 1010
1031 1024
882 864
884 882
1026 1019
1027 1026
1029 1027
1038 1031
1037 1029
1116 1037
1040 1037
907 884
909 907
1046 1040
969 909
1050 1046
1051 1050
1052 1051
1053 1052
1137 1053
1060 1053
1061 1060
1066 1061
1133 964
1117 1038
1069 1066
1084 1038
1073 968
1079 1069
1095 1084
1088 1079
1090 1003
1091 1088
1094 1091
1098 1094
1099 1090
1147 1095
1153 1147
1104 1098
1109 1095
1028 969
1175 1104
1156 1153
1108 1073
1111 1104
1112 1111
1113 1112
1114 1108
1128 1113
1126 1114
1203 1128
1131 1128
1135 1131
1208 1135
1136 1135
1132 1126
1139 1136
1140 1139
1213 1140
1146 1038
1151 1140
1161 1151
1164 1161
1165 1164
1260 1165
1106 1028
1172 1165
1174 1132
1180 1172
1191 1174
1197 1180
1196 1191
1198 1197
1206 1198
1207 1206
1305 1207
1308 1305
1280 1156
1220 1207
1218 1156
1313 1308
1226 1220
1228 1226
1230 1196
1235 1230
1242 1228
1245 1242
1253 1245
1254 1253
1311 1280
1255 1218
1256 1254
1259 1256
1176 1106
1270 1259
1355 1270
1272 1270
1273 1272
1274 1273
1283 1235
1288 1274
1344 1311
1298 1288
1304 1298
1300 1283
1307 1304
1312 1307
1318 1312
1320 1318
1406 1320
1407 1406
1321 1320
1326 1321
1330 1255
1331 1300
1334 1326
1336 1334
1338 1336
1339 1338
1340 1339
1343 1340
1347 1343
1350 1347
1351 1350
1353 1330
1356 1351
1357 1356
1359 1357
1360 1359
1361 1360
1362 1361
1364 1362
1365 1364
1445 1365
1366 1365
1367 1366
1446 1367
1370 1367
1424 1353
1375 1370
1378 1375
1380 1378
1450 1380
1294 1176
1384 1380
1385 1384
1387 1385
1388 1387
1391 1388
1392 1391
1394 1353
1401 1392
1408 1401
1467 1304
1474 1408
1410 1331
1413 1408
1414 1413
1420 1414
1421 1410
1422 1420
1423 1422
1491 1423
1489 1407
1432 1423
1433 1432
1435 1433
1501 1435
1502 1501
1507 1502
1442 1435
1499 1343
1483 1424
1485 1483
1447 1442
1448 1447
1449 1448
1521 1449
1393 1294
1463 1449
1538 1521
1464 1463
1400 1393
1466 1421
1543 1538
1404 1400
1469 1466
1520 1485
1480 1464
1481 1480
1482 1481
1569 1482
1492 1482
1494 1492
1549 1520
1497 1494
1598 1497
1583 1414
1500 1469
1504 1497
1604 1598
1510 1504
1512 1510
1622 1512
1525 1512
1526 1525
1530 1526
1635 1530
1540 1530
1468 1404
1541 1540
1544 1541
1553 1544
1559 1500
1562 1553
1659 1562
1571 1562
1575 1571
1574 1520
1579 1575
1590 1579
1592 1590
1589 1559
1505 1468
1599 1592
1596 1589
1601 1599
1603 1601
1607 1603
1609 1607
1689 1609
1619 1609
1620 1596
1550 1549
1627 1619
1632 1627
1723 1632
1636 1620
1639 1632
1642 1639
1734 1642
1720 1622
1648 1642
1656 1636
1758 1734
1663 1648
1606 1550
1666 1663
1665 1656
1669 1666
1673 1669
1675 1673
1778 1675
1678 1665
1683 1675
1688 1683
1787 1688
1692 1688
1693 1678
1697 1692
1699 1693
1704 1697
1710 1704
1711 1710
1713 1711
1709 1699
1719 1713
1724 1719
1657 1606
1727 1724
1730 1727
1677 1606
1739 1730
1740 1739
1836 1740
1750 1740
1754 1750
1676 1657
1845 1754
1759 1754
1760 1759
1687 1676
1769 1760
1771 1769
1776 1771
1779 1776
1782 1779
1784 1709
1868 1782
1870 1868
1726 1687
1794 1784
1798 1782
1799 1798
1805 1799
1744 1726
1887 1805
1806 1794
1823 1805
1827 1823
1905 1827
1890 1710
1828 1827
1892 1890
1830 1828
1832 1830
1835 1832
1912 1835
1921 1912
1846 1835
1848 1846
1929 1921
1930 1929
1853 1848
1854 1853
1790 1744
1807 1806
1940 1930
1815 1807
1941 1940
1818 1815
1802 1790
1804 1802
1871 1854
1873 1871
1954 1941
1878 1873
1879 1878
1881 1879
1843 1818
1969 1881
1849 1843
1885 1881
1850 1849
1888 1885
1891 1888
1894 1891
1898 1894
1899 1898
1840 1804
1901 1899
1847 1840
1837 1505
1909 1901
1999 1909
1869 1850
1913 1909
2002 1999
1915 1913
1916 1915
1918 1916
1920 1918
1926 1920
1928 1926
1933 1928
2016 1933
1946 1933
1906 1869
1884 1847
1950 1946
2041 1950
2046 2041
1880 1837
1917 1840
1900 1884
1904 1900
1966 1950
1979 1966
1986 1979
1987 1986
1988 1987
1943 1917
1996 1988
1953 1943
2089 1996
1938 1904
2003 1996
2004 2003
2005 2004
2006 2005
2007 2006
2010 2007
2011 2010
2012 2011
2111 2012
2024 2012
2026 2024
1957 1938
2027 2026
1964 1957
2034 2027
1956 1880
2042 2034
2049 2042
1989 1964
2054 2049
2147 2054
2153 2147
2064 2054
1998 1989
2150 2046
2021 1906
2072 2064
2073 2072
2075 2073
2081 2075
2083 2081
2084 2083
2085 2084
2043 1938
2019 1998
2092 2085
2094 2092
2044 2043
2101 2094
2178 2101
2102 2101
2032 2019
2104 2102
2105 2104
2107 2105
2038 2032
2040 2038
2112 2107
2120 2112
2051 2040
2121 2120
2124 2121
2052 2051
2126 2124
2127 2126
2128 2127
2192 2128
2130 2128
2194 2192
2132 2130
2133 2132
2137 2133
2138 2137
2139 2138
2066 2052
2140 2139
2141 2140
2059 1956
2156 2141
2108 2019
2158 2156
2115 2021
2074 2059
2119 2115
2165 2158
2166 2165
2169 2166
2172 2169
2113 2066
2114 2113
2175 2172
2180 2175
2181 2180
2189 2181
2142 2114
2190 2189
2270 2178
2195 2190
2197 2195
2286 2197
2201 2197
2209 2201
2213 2209
2214 2213
2311 2214
2160 2074
2222 2214
2174 2142
2226 2222
2228 2226
2179 2174
2235 2228
2236 2235
2237 2119
2248 2236
2249 2248
2252 2237
2256 2249
2257 2256
2265 2252
2267 2257
2269 2267
2357 2269
2272 2269
2273 2272
2275 2273
2279 2275
2377 2279
2289 2279
2288 2265
2293 2289
2295 2293
2296 2295
2299 2296
2301 2299
2305 2301
2319 2305
2404 2319
2323 2288
2324 2323
2325 2324
2241 2160
2329 2325
2417 2404
2337 2319
2340 2337
2341 2329
2347 2340
2434 2347
2356 2347
2359 2341
2362 2356
2320 2179
2369 2362
2371 2369
2368 2359
2380 2371
2381 2380
2384 2381
2385 2384
2386 2385
2387 2386
2389 2387
2400 2389
2335 2179
2397 2368
2411 2400
2414 2411
2421 2414
2425 2421
2504 2425
2399 2397
2446 2425
2519 2504
2403 2320
2524 2519
2406 2403
2527 2524
2454 2446
2455 2454
2456 2455
2420 2399
2540 2527
2541 2540
2398 2241
2476 2456
2479 2476
2444 2420
2447 2444
2448 2447
2566 2541
2482 2479
2484 2482
2432 2335
2457 2406
2492 2484
2495 2492
2497 2495
2499 2497
2450 2432
2511 2499
2478 2448
2523 2511
2526 2523
2626 2526
2471 2450
2490 2478
2534 2526
2537 2534
2542 2537
2642 2542
2544 2542
2551 2544
2553 2551
2554 2553
2556 2554
2510 2490
2558 2556
2513 2510
2560 2558
2518 2513
2572 2560
2568 2457
2571 2568
2574 2572
2576 2574
2582 2576
2583 2582
2585 2583
2590 2585
2592 2590
2595 2592
2597 2595
2602 2597
2695 2602
2615 2602
2616 2615
2617 2518
2619 2616
2707 2619
2548 2471
2550 2548
2631 2619
2552 2550
2634 2617
2638 2631
2643 2634
2567 2552
2652 2638
2656 2652
2658 2643
2660 2656
2749 2660
2672 2658
2620 2567
2676 2672
2677 2660
2628 2620
2686 2677
2693 2686
2694 2676
2773 2693
2636 2628
2701 2693
2780 2773
2659 2552
2706 2701
2708 2706
2710 2694
2713 2708
2718 2713
2720 2718
2721 2720
2725 2710
2805 2721
2806 2805
2733 2721
2669 2636
2735 2725
2742 2735
2745 2742
2747 2745
2840 2806
2752 2733
2692 2669
2753 2752
2846 2840
2704 2692
2849 2846
2734 2636
2779 2747
2784 2779
2792 2784
2807 2792
2903 2849
2748 2398
2914 2903
2902 2566
2921 2914
2916 2807
2940 2921
2924 2916
2959 2940
2952 2902
2982 2959
2957 2924
2845 2748
2928 2807
2930 2928
3017 2982
3028 3017
2904 2845
3068 3028
3037 2957
3075 3068
3048 3037
3109 3075
3106 2952
2979 2904
3131 3109
3105 3048
3108 3105
3136 3131
3059 2957
3142 3136
3088 3059
3170 3142
3154 3108
3158 3154
3195 3170
3118 3088
3179 3158
3143 3118
3144 3143
3238 3195
3240 3238
3089 2979
3253 3240
3266 3253
3201 3144
3217 3201
3263 3179
3293 3266
3314 3293
3316 3314
3304 3263
3188 3089
3212 3188
3328 3304
3372 3106
3393 3316
3394 3393
3307 3263
3359 3328
3396 3359
3441 3394
3424 3396
3442 3424
3468 3441
3486 3468
3497 3486
3503 3497
3478 3442
3509 3503
3483 3478
3446 3359
3356 3212
3533 3509
3536 3533
3463 3446
3519 3483
3549 3372
3557 3536
3537 3519
3571 3557
3590 3571
3435 3356
3606 3590
3586 3537
3616 3606
3601 3586
3635 3616
3481 3435
3648 3635
3654 3648
3633 3601
3657 3633
3689 3654
3664 3657
3703 3689
3710 3703
3722 3710
3725 3722
3752 3725
3757 3752
3761 3664
3764 3761
3797 3757
3834 3797
3814 3764
3817 3814
3821 3817
3809 3761
3871 3821
3902 3834
3831 3809
3914 3902
3837 3831
3933 3914
3936 3933
3903 3871
3948 3936
3955 3948
3960 3955
3963 3960
3968 3549
3976 3968
3985 3963
3967 3903
3828 3481
3841 3828
3922 3821
3991 3967
3995 3991
4015 3995
4029 4015
4030 4029
4034 4030
4062 3985
3889 3841
4070 4062
3984 3903
4074 4070
4012 3984
4014 4012
4065 4034
4026 4014
4114 4074
4090 4065
3949 3889
4127 4114
4143 4090
4159 4143
4210 4127
4221 4210
4132 4065
4059 3949
4218 4159
4164 4132
4230 4218
4234 4230
4238 4234
4247 4238
4282 4221
4284 4282
4287 4284
4256 4247
4261 4256
4309 4287
4315 4309
4319 4315
4327 4319
4328 4327
4331 4328
4326 3976
4337 4331
4316 4261
4344 4337
4350 4344
4353 4350
4201 4059
4361 4353
4396 4361
4368 4316
4249 4201
4258 4249
4356 4261
4289 4258
4457 4396
4462 4457
4378 4356
4441 4368
4465 4326
4449 4441
4405 4378
4480 4462
4461 4449
4500 4480
4501 4500
4476 4461
4504 4476
4383 4289
4518 4504
4551 4501
4410 4383
4559 4551
4538 4518
4430 4410
4577 4559
4580 4577
4506 4461
4590 4580
4591 4590
4565 4538
4599 4591
4619 4599
4477 4430
4604 4565
4609 4604
4633 4619
4616 4609
4505 4477
4629 4616
4687 4633
4697 4687
4622 4565
4738 4697
4723 4629
4734 4723
4750 4465
4596 4505
4779 4738
4715 4629
4801 4779
4811 4801
4748 4715
4838 4811
4755 4748
4866 4838
4871 4866
4735 4596
4876 4755
4920 4871
4887 4876
4892 4887
4893 4892
4954 4920
4952 4893
4815 4735
4900 4755
5001 4954
4983 4952
4984 4983
5006 5001
4847 4815
5030 5006
4978 4893
5057 5030
4888 4847
5070 5057
4918 4888
4999 4978
5062 4984
4949 4918
5080 5062
5045 4984
5124 5080
5127 5124
5165 5070
5182 5165
5188 4750
5173 5127
5200 5173
5081 4949
5242 5200
5284 5182
5216 5173
5272 5242
5230 5216
5296 5272
5315 5188
5305 5296
5329 5284
5265 5230
5321 5305
5328 5321
5208 5081
5380 5329
5319 5265
5398 5380
5326 5319
5378 5328
5405 5398
5409 5378
5439 5405
5447 5439
5381 5328
5430 5409
5468 5447
5469 5468
5457 5315
5448 5430
5479 5469
5492 5479
5497 5492
5512 5497
5518 5512
5494 5448
5451 5381
5452 5451
5526 5518
5527 5526
5533 5527
5511 5494
5515 5511
5605 5533
5470 5208
5553 5494
5659 5605
5666 5659
5652 5515
5631 5515
5700 5666
5713 5700
5692 5652
5573 5470
5710 5457
5697 5692
5649 5631
5705 5697
5708 5705
5712 5708
5669 5649
5723 5712
5747 5713
5763 5747
5740 5723
5775 5763
5787 5775
5831 5787
5802 5740
5832 5831
5836 5832
5837 5836
5853 5837
5824 5802
5866 5710
5873 5866
5801 5740
5892 5853
5896 5892
5901 5896
5877 5824
5887 5877
5913 5901
5841 5801
5940 5913
5943 5940
5933 5873
5978 5943
5822 5573
5923 5877
5985 5887
6029 5978
5872 5822
6045 6029
6070 5933
6087 6045
6098 6087
6119 6098
6128 6119
6047 5985
6132 6070
6155 6128
6140 6047
6081 6047
6144 6140
6154 6144
6104 6081
6164 6154
6184 6164
6197 6184
6237 6155
6210 6197
6254 6237
6194 6104
6247 6184
6333 6254
6351 6333
6357 6351
6212 6210
6364 6357
6215 6212
6223 6215
6229 6223
6236 6229
6383 6364
6395 6383
6269 6236
6414 6395
6417 6414
6406 6132
6419 6417
6285 6269
6461 6419
6454 6406
6343 6269
6483 6461
6346 6285
6491 6483
6493 6491
6360 6346
6500 6493
6490 6454
6508 6500
6510 6508
6513 6510
6528 6513
6408 6360
6551 6528
6416 6408
6560 6551
6444 6360
6572 6560
6441 6416
6445 6441
6598 6572
6603 6598
6618 6603
6482 6445
6518 6445
6498 6482
6574 6518
6585 6574
6526 6498
6667 6618
6552 6526
6677 6667
6697 6677
6578 6552
6580 6578
6590 6580
6743 6697
6644 6590
6804 6743
6805 6804
6811 6805
6840 6490
6695 6644
6874 6811
6740 6644
6829 6740
6827 6695
6931 6874
6858 6827
6949 6931
6951 6840
6969 6949
6970 6969
6976 6970
6900 6858
6884 6858
6885 6884
6894 6885
6995 6976
6923 6900
6912 6894
7017 6995
6919 6912
7039 7017
6981 6919
6978 6919
7011 6981
6990 6978
7109 7039
7018 6990
7019 7018
7117 7109
7118 7117
7026 7019
7136 7118
7157 7136
7173 7157
7085 7026
7063 7026
7071 7063
7075 7071
7217 7173
7223 7217
7124 7075
7231 7223
7130 7124
7243 7231
7238 6951
7168 7130
7145 7075
7272 7243
7171 7145
7282 7272
7285 7282
7287 7285
7307 7287
7220 7171
7321 7307
7336 7321
7255 7168
7270 7255
7363 7336
7281 7220
7401 7363
7296 7281
7305 7296
7427 7401
7429 7238
7449 7427
7334 7305
7453 7449
7456 7453
7338 7334
7469 7456
7471 7469
7355 7338
7475 7471
7476 7475
7364 7355
7376 7364
7385 7376
7420 7355
7492 7476
7396 7385
7408 7396
7505 7492
7514 7505
7521 7514
7498 7408
7519 7429
7515 7498
7562 7521
7587 7562
7600 7587
7595 7515
7617 7600
7605 7595
7618 7605
7658 7617
7655 7519
7650 7618
7659 7650
7662 7659
7711 7658
7695 7662
7726 7711
7730 7726
7737 7730
7739 7737
7773 7695
7792 7655
7718 7662
7807 7739
7781 7773
7826 7807
7831 7826
7836 7831
7837 7836
7811 7781
7856 7837
7842 7811
7875 7856
7848 7842
7883 7875
7872 7848
7926 7883
7904 7872
7939 7926
7952 7792
7971 7939
7874 7811
7980 7971
7988 7980
7902 7848
7973 7904
7995 7988
8004 7995
8010 8004
8018 8010
8030 8018
7933 7902
8058 8030
8045 7952
8068 8058
8102 8068
8112 8102
8149 8112
8071 7973
8169 8149
8175 8169
8182 8175
8201 8071
8239 8182
8246 8239
8226 8201
8255 8246
8268 8255
8256 8226
8283 8256
8290 8283
8293 8290
8243 8071
8303 8293
8314 8303
8346 8268
8393 8346
8396 8393
8386 8045
8317 8256
8413 8396
8327 8317
8422 8413
8400 8314
8424 8400
8460 8422
8471 8460
8473 8471
8481 8473
8485 8481
8465 8424
8510 8485
8477 8465
8518 8510
8547 8518
8549 8547
8521 8477
8563 8549
8545 8521
8594 8563
8588 8386
8599 8594
8608 8599
8582 8545
8627 8608
8651 8627
8633 8582
8660 8651
8661 8588
8655 8633
8605 8545
8677 8655
8707 8660
8713 8707
8719 8713
8724 8719
8702 8677
8722 8661
8734 8724
8657 8605
8714 8702
8750 8734
8731 8714
8769 8750
8766 8722
8782 8769
8802 8782
8807 8802
8815 8766
8739 8677
8832 8807
8863 8832
8839 8731
8855 8839
8859 8855
8894 8859
8937 8863
8908 8894
8943 8937
8959 8943
9002 8959
9003 9002
9018 9003
9008 8815
9028 9018
9035 9028
9052 9035
9026 8908
9056 9052
9067 9056
9092 9067
9100 9008
9038 8908
9115 9026
9068 9038
9154 9115
9163 9154
9117 9068
9186 9163
9214 9092
9149 9117
9153 9149
9235 9100
9256 9214
9240 9186
9275 9256
9249 9240
9253 9249
9289 9275
9202 9153
9260 9253
9265 9260
9273 9265
9306 9289
9282 9273
9312 9235
9237 9202
9328 9306
9247 9237
9351 9328
9374 9351
9380 9374
9382 9380
9391 9382
9398 9391
9414 9398
9426 9414
9348 9282
9436 9426
9450 9436
9470 9450
9390 9348
9494 9470
9408 9390
9503 9494
9475 9408
9487 9475
9514 9503
9537 9514
9550 9312
9535 9487
9539 9535
9489 9408
9584 9537
9556 9539
9567 9556
9599 9584
9602 9599
9592 9567
9565 9487
9615 9592
9626 9615
9591 9539
9631 9626
9667 9602
9668 9667
9669 9668
9655 9631
9697 9669
9637 9592
9691 9655
9701 9691
9703 9701
9742 9697
9721 9703
9760 9742
9770 9760
9747 9721
9696 9631
9754 9747
9794 9770
9818 9794
9819 9818
9745 9691
9840 9819
9851 9754
9881 9840
9885 9881
9854 9851
9892 9885
9900 9892
9937 9900
9924 9550
9904 9854
9939 9937
9921 9904
9972 9939
9993 9972
10000 9993
9981 9921
10006 9981
10040 10000
10015 10006
10041 10040
9985 9921
10045 10015
10070 9924
10062 10045
10084 10062
10117 10041
10089 10084
10034 9985
10098 10089
10101 10098
10110 10101
10115 10110
10141 10117
10081 10015
10139 10115
10177 10139
10200 10141
10203 10200
10206 10203
10211 10206
10138 10098
10227 10211
10148 10138
10246 10227
10249 10246
10178 10115
10255 10249
10266 10255
10238 10177
10282 10266
10291 10282
10264 10238
10304 10291
10307 10304
10313 10307
10294 10264
10317 10070
10331 10313
10346 10317
10392 10331
10389 10294
10421 10392
10423 10421
10444 10423
10445 10444
10362 10294
10451 10445
10469 10451
10473 10469
10481 10473
10485 10481
10499 10485
10509 10346
10531 10499
10547 10531
10548 10547
10556 10548
10567 10556
10568 10567
10574 10568
10602 10574
10582 10389
10599 10582
10621 10602
10624 10621
10551 10362
10631 10624
10657 10631
10629 10599
10594 10551
10678 10657
10685 10678
10687 10685
10614 10594
10715 10687
10721 10715
10739 10721
10750 10739
10756 10750
10767 10756
10770 10767
10630 10629
10783 10770
10800 10783
10811 10800
10695 10630
10833 10811
10713 10695
10856 10833
10875 10856
10883 10509
10768 10713
10822 10713
10905 10883
10827 10822
10925 10875
10786 10768
10928 10905
10797 10786
10971 10925
10814 10797
10977 10971
10969 10928
10989 10977
10990 10989
10835 10814
10840 10835
10846 10840
10851 10846
10855 10851
11021 10990
11024 11021
11047 11024
10931 10846
10910 10855
11058 11047
10946 10855
10929 10910
10933 10929
10938 10933
10950 10938
10962 10950
11099 11058
11100 11099
11103 11100
11104 11103
11107 11104
11110 11107
10981 10962
11124 11110
10996 10981
11138 11124
11139 11138
11005 10996
11019 11005
11025 11019
11049 10962
11189 11139
11203 11189
11083 11025
11109 11025
11239 11203
11130 11109
11137 11130
11247 10969
11173 11130
11280 11239
11273 11247
11177 11173
11291 11280
11229 11177
11317 11291
11318 11317
11242 11229
11307 11242
11309 11307
11334 11273
11350 11318
11372 11350
11345 11309
11361 11345
11301 11242
11378 11361
11438 11372
11409 11378
11422 11409
11467 11438
11382 11309
11388 11382
11471 11467
11474 11471
11455 11422
11403 11388
11475 11455
11520 11474
11526 11520
11497 11475
11516 11334
11535 11526
11551 11535
11531 11497
11533 11531
11598 11551
11603 11598
11602 11533
11605 11602
11636 11603
11563 11497
11657 11636
11667 11657
11601 11533
11673 11667
11678 11673
11680 11678
11607 11601
11656 11605
11686 11680
11690 11686
11681 11656
11704 11690
11709 11704
11720 11709
11718 11516
11739 11720
11740 11739
11742 11740
11772 11742
11759 11681
11793 11772
11795 11793
11713 11656
11780 11759
11736 11713
11836 11795
11851 11836
11875 11851
11882 11875
11885 11882
11892 11885
11863 11780
11811 11736
11906 11892
11908 11906
11890 11863
11895 11890
11918 11895
11954 11908
11922 11918
11949 11922
11981 11954
11987 11981
11968 11949
11921 11863
12000 11987
12003 12000
12005 12003
11941 11921
12025 12005
11962 11918
12046 12025
12047 12046
12058 12047
12029 11968
12030 12029
12064 12058
11978 11962
12079 12064
12061 12030
12113 12079
12077 12061
12078 12077
12085 12078
12133 12113
12036 11968
12150 12133
12161 12150
12147 11718
12070 12036
12179 12161
12182 12179
12169 12147
12148 12085
12097 12070
12205 12182
12196 12148
12238 12205
12215 12196
12223 12215
12175 12085
12250 12223
12253 12250
12256 12253
12210 12175
12211 12210
12320 12169
12334 12238
12245 12211
12340 12334
12249 12245
12348 12340
12353 12348
12318 12256
12330 12318
12351 12330
12371 12351
12378 12371
12379 12378
12399 12379
12424 12320
12457 12353
12427 12399
12381 12318
12490 12457
12458 12427
12391 12381
12498 12490
12461 12458
12514 12498
12415 12391
12522 12514
12494 12461
12495 12494
12450 12379
12520 12495
12552 12522
12570 12552
12559 12424
12578 12570
12496 12427
12582 12578
12604 12582
12609 12604
12589 12520
12534 12461
12624 12609
12625 12624
12601 12589
12630 12625
12544 12495
12645 12630
12647 12645
12660 12647
12668 12660
12663 12601
12610 12544
12676 12663
12628 12610
12729 12668
12730 12729
12700 12676
12741 12730
12711 12700
12664 12628
12753 12741
12684 12664
12766 12711
12812 12753
12820 12812
12867 12820
12781 12711
12875 12766
12926 12867
12943 12875
12974 12926
12976 12974
12981 12976
12983 12981
12988 12983
12999 12988
12913 12781
12929 12913
12995 12943
13026 12999
13031 13026
13038 13031
13050 13038
13051 13050
13053 12559
13082 13051
13060 12995
13074 13053
13097 13082
13103 13097
13110 13103
13113 13110
13089 13060
13127 13113
13106 13089
13109 13106
13169 13127
13129 13109
13180 13169
13186 13180
13189 13186
13190 13189
13216 13190
13192 13129
13258 13216
13253 13192
13257 13253
13267 13257
13274 13267
13307 13258
13312 13307
13313 13312
13293 13274
13352 13313
13333 13293
13337 13333
13357 13337
13393 13352
13364 13357
13302 13192
13415 13393
13419 13415
13334 13274
13420 13419
13340 13334
13424 13420
13346 13340
13354 13346
13435 13424
13475 13435
13478 13475
13458 13364
13493 13478
13469 13458
13527 13493
13543 13527
13544 13543
13473 13364
13488 13473
13581 13544
13564 13469
13598 13581
13571 13564
13576 13571
13608 13598
13612 13074
13603 13576
13606 13603
13624 13606
13642 13608
13645 13642
13679 13645
13692 13679
13705 13692
13707 13705
13681 13624
13698 13681
13703 13698
13652 13606
13743 13707
13708 13703
13657 13652
13710 13708
13670 13657
13744 13710
13771 13743
13753 13744
13784 13771
13762 13753
13787 13784
13798 13787
13808 13798
13734 13670
13826 13762
13833 13826
13855 13808
13872 13855
13894 13872
13898 13833
13899 13898
13925 13894
13930 13925
13947 13930
13957 13947
13929 13899
13964 13957
13983 13964
13967 13929
14033 13983
14031 13612
14046 14033
13980 13929
14056 14031
14041 13967
14074 14046
14054 14041
14086 14074
14060 14054
14095 14086
14069 14060
14116 14095
14083 14069
14087 14083
14040 13980
14139 14116
14158 14056
14168 14139
14151 14087
14089 14040
14186 14168
14164 14151
14196 14186
14207 14196
14208 14207
14174 14164
14204 14158
14217 14208
14242 14217
14250 14242
14163 14087
14267 14250
14237 14174
14245 14237
14277 14267
14255 14245
14202 14163
14273 14255
14307 14273
14268 14174
14359 14307
14396 14277
14400 14396
14428 14400
14431 14428
14449 14431
14450 14449
14463 14450
14441 14359
14488 14463
14512 14488
14443 14359
14494 14441
14447 14443
14519 14512
14456 14447
14517 14456
14593 14519
14589 14517
14608 14589
14616 14608
14656 14593
14572 14456
14648 14204
14660 14656
14639 14616
14668 14660
14670 14668
14655 14639
14684 14670
14702 14684
14703 14702
14682 14655
14726 14703
14730 14726
14731 14730
14735 14731
14743 14735
14716 14682
14768 14743
14777 14768
14750 14716
14791 14777
14761 14750
14801 14791
14803 14801
14870 14803
14835 14761
14882 14870
14888 14882
14846 14835
14901 14888
14860 14846
14807 14750
14866 14860
14909 14901
14921 14909
14963 14921
14883 14807
14947 14866
14973 14963
14983 14973
14994 14983
14919 14846
14972 14947
15006 14994
14936 14866
14941 14936
15021 15006
15028 15021
15041 15028
15063 15041
15025 14972
15065 15063
15031 15025
15057 14648
15042 15031
15051 15042
15064 15051
15079 15064
15115 15065
15165 15115
15166 15165
15149 15079
15194 15166
15114 15064
15216 15194
15219 15216
15199 15149
15153 15114
15246 15219
15232 15199
15235 15232
15267 15246
15268 15267
15190 15153
15248 15235
15269 15057
15296 15268
15358 15296
15278 15190
15301 15248
15391 15358
15371 15301
15395 15391
15398 15395
15378 15371
15385 15378
15410 15398
15388 15385
15453 15410
15454 15453
15433 15388
15439 15433
15494 15454
15456 15439
15503 15494
15428 15385
15523 15503
15505 15456
15555 15523
15530 15505
15482 15428
15561 15555
15546 15530
15559 15546
15585 15559
15539 15456
15601 15585
15624 15561
15635 15624
15647 15635
15581 15530
15632 15601
15664 15269
15665 15632
15708 15647
15681 15665
15724 15708
15710 15681
15717 15710
15763 15724
15741 15717
15749 15741
15712 15632
15782 15749
15785 15782
15820 15763
15830 15820
15800 15785
15833 15664
15848 15833
15827 15800
15831 15827
15858 15831
15886 15830
15796 15749
15891 15886
15908 15891
15818 15796
15923 15908
15889 15858
15926 15923
15894 15889
15850 15818
15917 15894
15925 15917
15930 15925
15990 15926
16001 15990
16006 16001
15985 15930
16012 16006
16019 16012
16027 16019
16052 16027
16043 15985
15999 15930
16123 16052
16133 16123
16056 15999
16141 16043
16181 16133
16153 16043
16090 16056
16113 16090
16216 16181
16206 16113
16218 16113
16229 16218
16280 16216
16283 16280
16285 16283
16296 16285
16297 16296
16313 16229
16239 16113
16258 16239
16355 16297
16338 16229
16360 16338
16361 16360
16381 16361
16343 16258
16439 16355
16442 16439
16420 16381
16436 16420
16449 16442
16450 16449
16469 16450
16476 16469
16451 16420
16500 16476
16505 16500
16506 16505
16513 16506
16507 16451
16508 16507
16530 16508
16535 16530
16569 16513
16573 16569
16578 16573
16618 16578
16620 16535
16644 16618
16646 16644
16665 16646
16645 16535
16651 16645
16656 16651
16694 16665
16676 16656
16684 16676
16715 16694
16724 16715
16750 16724
16819 16750
16816 16684
16849 16819
16850 16849
16768 16684
16873 16850
16848 16816
16881 16873
16860 16848
16815 16768
16906 16881
16872 16860
16876 16872
16921 16906
16919 16876
16868 16815
16926 16919
16958 16921
16935 16926
16936 16935
16946 16936
16991 16946
17003 16958
16944 16876
17017 17003
16947 16946
17093 17017
16961 16947
17103 17093
17104 17103
17105 17104
17026 16947
17007 16961
17161 17105
17041 17026
17178 17161
17032 17007
17184 17178
17172 17041
17212 17184
17225 17212
17125 17032
17166 17125
17278 17225
17281 17278
17110 17032
17288 17281
17299 17288
17319 17299
17145 17110
17323 17319
17231 17166
17163 17145
17349 17323
17361 17349
17300 17231
17382 17361
17392 17382
17234 17163
17399 17392
17461 17399
17379 17300
17397 17379
17472 17461
17371 17234
17474 17472
17380 17371
17462 17380
17484 17474
17491 17484
17479 17462
17513 17491
17498 17479
17452 17397
17503 17498
17534 17513
17565 17534
17553 17503
17624 17565
17656 17624
17583 17503
17668 17656
17677 17668
17690 17677
17620 17583
17683 17620
17704 17690
17721 17704
17702 17683
17665 17620
17741 17721
17724 17702
17729 17724
17758 17741
17760 17758
17738 17729
17740 17738
17775 17760
17769 17740
17722 17665
17780 17740
17792 17780
17843 17775
17847 17843
17866 17847
17870 17866
17877 17870
17850 17792
17883 17877
17887 17883
17805 17769
17897 17887
17834 17805
17920 17897
17853 17834
17858 17853
17929 17858
17981 17920
17988 17981
17885 17858
17968 17929
18030 17988
18015 17968
18067 18030
18037 18015
18094 18067
18098 18094
18102 18098
18121 18102
18090 18037
18107 18090
18164 18121
18172 18090
18175 18172
18119 18037
18215 18164
18219 18215
18222 18219
18228 18222
18224 18175
18240 18228
18246 18224
18260 18240
18270 18260
18183 18107
18272 18270
18274 18272
18281 18246
18298 18274
18308 18298
18310 18308
18318 18310
18331 18281
18320 18246
18322 18320
18339 18331
18375 18318
18388 18375
18401 18388
18419 18401
18402 18339
18352 18281
18458 18419
18465 18458
18474 18465
18450 18402
18487 18474
18484 18450
18485 18484
18520 18487
18554 18520
18540 18485
18567 18554
18543 18540
18555 18543
18572 18567
18575 18572
18539 18485
18591 18555
18644 18575
18655 18644
18658 18655
18681 18658
18693 18681
18556 18555
18707 18693
18606 18555
18722 18707
18619 18606
18727 18722
18737 18727
18751 18737
18656 18619
18762 18751
18607 18556
18724 18656
