3 0
5 3
8 5
2 0
19 8
20 19
23 20
26 23
29 26
32 29
31 2
39 32
40 39
13 0
48 40
49 48
51 49
4 0
52 51
47 31
7 4
55 52
9 7
24 9
10 9
11 10
12 11
65 55
15 12
72 65
74 72
76 74
77 76
68 15
81 77
70 68
71 70
90 81
94 90
87 71
97 94
98 97
100 98
16 15
17 16
99 87
113 100
18 17
21 18
22 21
106 99
112 106
122 113
25 22
27 25
36 0
30 27
33 30
34 33
35 34
127 35
37 35
128 127
134 122
135 134
139 135
38 37
140 139
73 17
41 0
42 38
43 42
136 43
138 136
46 43
155 140
147 138
157 155
50 46
53 50
159 157
54 53
161 159
67 36
56 54
165 161
166 165
58 56
59 58
60 59
160 60
171 166
62 60
63 62
175 171
64 63
69 64
101 73
86 67
172 69
75 69
182 175
78 75
79 78
80 79
82 80
83 82
180 83
93 86
84 83
88 10
89 84
194 182
91 89
92 91
95 92
96 88
190 95
205 190
102 95
104 102
28 0
213 205
204 104
214 213
105 104
110 96
116 110
227 214
224 204
211 105
233 227
234 233
1 0
244 234
236 224
6 1
186 100
14 6
265 244
267 265
270 267
272 270
273 272
275 273
254 211
281 275
188 73
284 281
285 284
286 285
196 188
44 14
293 286
45 44
191 39
296 293
297 296
300 297
301 300
302 301
299 236
61 45
308 302
242 165
312 308
316 312
320 316
220 191
323 320
221 220
324 323
231 55
250 242
319 299
253 250
329 324
245 77
335 329
330 319
340 335
341 340
342 341
243 221
349 342
350 349
249 243
103 61
357 350
359 357
309 253
361 359
263 249
355 267
348 254
385 361
145 103
390 385
386 296
219 17
304 263
405 390
408 405
173 145
417 408
404 348
420 417
415 329
416 415
343 242
363 194
347 253
189 173
425 342
261 219
438 420
353 304
444 438
445 444
215 189
218 215
368 353
377 194
375 368
457 445
384 377
232 218
388 384
391 388
376 375
380 376
461 361
467 457
470 467
452 275
475 470
399 391
477 475
392 380
484 477
395 392
436 309
486 484
406 399
422 363
488 486
485 390
490 488
492 490
262 232
268 262
495 492
496 495
498 496
448 436
500 498
501 500
499 408
276 268
280 276
283 280
471 406
431 406
516 501
517 516
476 471
520 517
513 420
523 520
441 431
532 523
306 283
538 532
536 445
546 536
509 406
556 538
557 556
346 306
522 509
468 395
480 468
562 484
567 557
569 567
571 569
565 490
362 346
365 362
575 571
578 575
424 365
580 578
582 580
514 441
576 501
510 480
559 514
512 510
528 514
591 523
596 582
592 591
598 596
599 598
530 512
535 530
608 599
600 592
539 535
614 608
540 539
410 365
616 614
411 410
584 559
621 616
414 411
547 540
629 621
583 522
430 414
636 629
633 557
642 636
644 642
646 644
655 646
658 655
660 658
662 660
663 662
665 663
593 547
680 665
671 582
686 680
677 671
487 430
670 520
693 686
695 693
657 584
699 695
701 699
703 701
704 703
707 704
700 621
622 593
507 487
626 622
709 700
684 657
721 707
694 684
647 528
727 721
531 507
732 727
696 584
736 732
659 647
544 531
731 646
651 626
708 696
744 736
746 744
737 658
747 746
749 747
751 749
748 665
558 544
758 751
762 758
718 708
763 762
679 651
683 679
619 558
772 701
780 763
774 704
783 780
754 694
717 659
790 783
786 774
798 790
800 798
804 800
722 683
805 804
806 805
807 806
597 558
802 786
733 717
773 718
816 807
610 597
785 773
623 610
741 722
761 733
823 751
827 816
829 827
793 785
830 829
832 830
796 793
634 623
812 754
843 832
637 634
848 843
849 848
842 763
643 637
854 849
861 854
856 842
779 741
868 861
869 868
784 779
873 869
863 856
666 643
878 873
879 878
872 863
892 879
893 892
885 800
811 761
895 893
896 895
899 896
900 899
870 796
702 666
706 702
819 784
886 870
828 811
925 900
927 925
929 927
835 828
919 827
834 819
937 832
943 929
836 834
850 835
946 943
948 946
938 937
898 796
730 706
851 836
947 849
952 948
949 947
853 851
962 952
964 962
735 730
871 850
867 853
881 871
976 964
978 976
887 881
801 735
923 898
980 978
986 980
979 879
982 979
897 887
889 867
950 897
940 923
765 735
994 986
768 765
908 897
1001 994
983 872
1010 1001
781 768
1019 1010
1026 1019
1027 1026
1029 1027
991 950
931 889
1037 1029
939 931
1040 1037
1046 1040
1003 950
1050 1046
1051 1050
1052 1051
1053 1052
965 939
966 965
968 966
1060 1053
1061 1060
825 781
888 781
1056 978
1066 1061
1069 1066
1079 1069
1059 873
1043 991
1088 1079
1091 1088
1094 1091
1098 1094
864 825
1018 908
1104 1098
1024 1018
1031 1024
882 864
1111 1104
1112 1111
884 882
1113 1112
1038 1031
1116 1037
1090 1003
1128 1113
907 884
909 907
1131 1128
1135 1131
1136 1135
969 909
1139 1136
1140 1139
1099 1090
1137 1053
1151 1140
1133 964
1117 1038
1084 1038
1073 968
1161 1151
1095 1084
1164 1161
1165 1164
1147 1095
1172 1165
1153 1147
1146 1038
1180 1172
1109 1095
1028 969
1175 1104
1156 1153
1108 1073
1197 1180
1198 1197
1114 1108
1206 1198
1207 1206
1126 1114
1203 1128
1208 1135
1132 1126
1220 1207
1226 1220
1213 1140
1228 1226
1242 1228
1245 1242
1253 1245
1254 1253
1256 1254
1259 1256
1260 1165
1270 1259
1272 1270
1106 1028
1273 1272
1218 1156
1274 1273
1174 1132
1288 1274
1191 1174
1196 1191
1298 1288
1304 1298
1255 1218
1307 1304
1305 1207
1312 1307
1308 1305
1318 1312
1280 1156
1320 1318
1313 1308
1321 1320
1230 1196
1326 1321
1235 1230
1334 1326
1336 1334
1338 1336
1339 1338
1340 1339
1343 1340
1347 1343
1311 1280
1350 1347
1351 1350
1356 1351
1357 1356
1359 1357
1176 1106
1360 1359
1361 1360
1362 1361
1364 1362
1355 1270
1365 1364
1366 1365
1367 1366
1370 1367
1375 1370
1378 1375
1380 1378
1330 1255
1384 1380
1385 1384
1387 1385
1283 1235
1344 1311
1388 1387
1391 1388
1392 1391
1300 1283
1353 1330
1401 1392
1408 1401
1406 1320
1407 1406
1413 1408
1414 1413
1420 1414
1422 1420
1423 1422
1331 1300
1432 1423
1433 1432
1435 1433
1394 1353
1442 1435
1447 1442
1445 1365
1448 1447
1449 1448
1446 1367
1424 1353
1450 1380
1294 1176
1463 1449
1464 1463
1480 1464
1467 1304
1474 1408
1410 1331
1481 1480
1482 1481
1492 1482
1494 1492
1421 1410
1491 1423
1497 1494
1489 1407
1504 1497
1510 1504
1501 1435
1512 1510
1502 1501
1507 1502
1499 1343
1483 1424
1485 1483
1521 1449
1525 1512
1526 1525
1530 1526
1393 1294
1540 1530
1541 1540
1538 1521
1544 1541
1400 1393
1553 1544
1466 1421
1543 1538
1404 1400
1469 1466
1520 1485
1562 1553
1571 1562
1575 1571
1579 1575
1569 1482
1590 1579
1592 1590
1549 1520
1599 1592
1601 1599
1603 1601
1607 1603
1598 1497
1583 1414
1500 1469
1609 1607
1604 1598
1619 1609
1550 1549
1574 1520
1627 1619
1622 1512
1632 1627
1639 1632
1642 1639
1635 1530
1648 1642
1468 1404
1559 1500
1663 1648
1606 1550
1666 1663
1659 1562
1669 1666
1673 1669
1675 1673
1589 1559
1505 1468
1683 1675
1596 1589
1688 1683
1692 1688
1697 1692
1689 1609
1704 1697
1710 1704
1711 1710
1713 1711
1620 1596
1719 1713
1724 1719
1657 1606
1727 1724
1730 1727
1723 1632
1636 1620
1677 1606
1739 1730
1740 1739
1734 1642
1720 1622
1750 1740
1754 1750
1676 1657
1759 1754
1656 1636
1760 1759
1758 1734
1687 1676
1665 1656
1769 1760
1771 1769
1776 1771
1779 1776
1782 1779
1778 1675
1678 1665
1787 1688
1726 1687
1798 1782
1693 1678
1799 1798
1699 1693
1805 1799
1744 1726
1709 1699
1823 1805
1827 1823
1828 1827
1830 1828
1832 1830
1835 1832
1836 1740
1846 1835
1848 1846
1845 1754
1853 1848
1854 1853
1790 1744
1802 1790
1804 1802
1871 1854
1873 1871
1784 1709
1868 1782
1870 1868
1878 1873
1879 1878
1881 1879
1794 1784
1885 1881
1888 1885
1891 1888
1894 1891
1898 1894
1899 1898
1840 1804
1887 1805
1806 1794
1901 1899
1847 1840
1909 1901
1905 1827
1890 1710
1892 1890
1913 1909
1915 1913
1916 1915
1918 1916
1807 1806
1920 1918
1912 1835
1815 1807
1926 1920
1928 1926
1818 1815
1921 1912
1933 1928
1929 1921
1930 1929
1940 1930
1946 1933
1843 1818
1941 1940
1884 1847
1950 1946
1849 1843
1850 1849
1900 1884
1954 1941
1917 1840
1904 1900
1966 1950
1979 1966
1969 1881
1869 1850
1986 1979
1987 1986
1988 1987
1996 1988
1943 1917
1938 1904
1953 1943
2003 1996
2004 2003
1837 1505
2005 2004
2006 2005
2007 2006
1999 1909
2010 2007
2011 2010
2012 2011
2002 1999
1906 1869
2024 2012
2016 1933
2026 2024
1957 1938
2027 2026
1964 1957
2034 2027
2042 2034
2049 2042
2041 1950
1989 1964
2054 2049
2046 2041
1880 1837
2064 2054
1998 1989
2072 2064
2073 2072
2075 2073
2081 2075
2083 2081
2084 2083
2085 2084
2019 1998
2092 2085
2094 2092
2043 1938
2044 2043
2089 1996
2101 2094
2102 2101
2032 2019
2104 2102
2105 2104
2107 2105
2038 2032
2040 2038
2112 2107
2120 2112
2051 2040
2121 2120
2124 2121
2111 2012
2052 2051
2126 2124
2127 2126
2128 2127
2130 2128
2132 2130
2133 2132
2137 2133
2138 2137
2139 2138
2066 2052
2140 2139
2141 2140
1956 1880
2021 1906
2147 2054
2156 2141
2158 2156
2153 2147
2108 2019
2165 2158
2150 2046
2166 2165
2169 2166
2172 2169
2113 2066
2114 2113
2175 2172
2180 2175
2181 2180
2178 2101
2189 2181
2142 2114
2190 2189
2195 2190
2192 2128
2194 2192
2197 2195
2201 2197
2115 2021
2209 2201
2119 2115
2213 2209
2214 2213
2059 1956
2222 2214
2174 2142
2226 2222
2228 2226
2074 2059
2179 2174
2235 2228
2236 2235
2248 2236
2249 2248
2256 2249
2257 2256
2267 2257
2269 2267
2272 2269
2273 2272
2275 2273
2279 2275
2270 2178
2289 2279
2293 2289
2295 2293
2296 2295
2286 2197
2299 2296
2301 2299
2305 2301
2319 2305
2311 2214
2160 2074
2237 2119
2337 2319
2340 2337
2347 2340
2252 2237
2356 2347
2265 2252
2362 2356
2320 2179
2357 2269
2369 2362
2371 2369
2380 2371
2381 2380
2377 2279
2384 2381
2385 2384
2288 2265
2386 2385
2387 2386
2389 2387
2400 2389
2335 2179
2404 2319
2411 2400
2323 2288
2414 2411
2324 2323
2325 2324
2241 2160
2421 2414
2329 2325
2417 2404
2425 2421
2341 2329
2434 2347
2446 2425
2403 2320
2359 2341
2406 2403
2454 2446
2455 2454
2456 2455
2368 2359
2476 2456
2479 2476
2397 2368
2482 2479
2484 2482
2432 2335
2457 2406
2492 2484
2495 2492
2497 2495
2399 2397
2499 2497
2450 2432
2511 2499
2504 2425
2420 2399
2523 2511
2526 2523
2519 2504
2524 2519
2471 2450
2534 2526
2527 2524
2537 2534
2542 2537
2444 2420
2544 2542
2447 2444
2448 2447
2540 2527
2541 2540
2551 2544
2553 2551
2554 2553
2556 2554
2558 2556
2560 2558
2398 2241
2572 2560
2574 2572
2576 2574
2566 2541
2582 2576
2583 2582
2585 2583
2590 2585
2592 2590
2478 2448
2595 2592
2597 2595
2602 2597
2615 2602
2490 2478
2616 2615
2619 2616
2548 2471
2568 2457
2550 2548
2631 2619
2571 2568
2552 2550
2626 2526
2638 2631
2510 2490
2513 2510
2518 2513
2567 2552
2642 2542
2652 2638
2656 2652
2660 2656
2620 2567
2677 2660
2628 2620
2686 2677
2693 2686
2636 2628
2701 2693
2695 2602
2659 2552
2706 2701
2617 2518
2708 2706
2713 2708
2707 2619
2718 2713
2720 2718
2721 2720
2634 2617
2643 2634
2733 2721
2669 2636
2658 2643
2752 2733
2749 2660
2692 2669
2753 2752
2754 2753
2756 2754
2757 2756
2704 2692
2762 2757
2672 2658
2676 2672
2766 2762
2768 2766
2770 2768
2771 2770
2734 2636
2775 2771
2781 2775
2694 2676
2773 2693
2783 2781
2780 2773
2790 2783
2710 2694
2801 2790
2803 2801
2813 2803
2725 2710
2805 2721
2806 2805
2817 2813
2819 2817
2820 2819
2823 2820
2824 2823
2826 2824
2830 2826
2832 2830
2735 2725
2837 2832
2839 2837
2742 2735
2745 2742
2747 2745
2844 2839
2840 2806
2850 2844
2852 2850
2854 2852
2855 2854
2846 2840
2857 2855
2849 2846
2861 2857
2867 2861
2874 2867
2875 2874
2779 2747
2879 2875
2784 2779
2882 2879
2883 2882
2885 2883
2886 2885
2792 2784
2895 2886
2898 2895
2807 2792
2910 2898
2903 2849
2917 2910
2748 2398
2914 2903
2902 2566
2921 2914
2929 2917
2931 2929
2932 2931
2937 2932
2916 2807
2945 2937
2940 2921
2951 2945
2953 2951
2954 2953
2924 2916
2956 2954
2961 2956
2966 2961
2967 2966
2968 2967
2969 2968
2970 2969
2959 2940
2971 2970
2972 2971
2952 2902
2980 2972
2928 2807
2930 2928
2982 2959
2957 2924
2994 2980
2996 2994
3002 2996
3003 3002
3004 3003
2845 2748
3007 3004
3016 3007
3018 3016
3023 3018
3024 3023
3027 3024
3017 2982
3028 3017
3031 3027
3033 3031
3036 3033
3041 3036
3044 3041
3050 3044
3054 3050
2904 2845
3066 3054
3067 3066
3072 3067
3073 3072
3076 3073
3068 3028
3078 3076
3037 2957
3075 3068
3048 3037
3084 3078
3085 3084
3091 3085
3101 3091
3059 2957
3110 3101
3109 3075
3119 3110
3120 3119
3121 3120
3127 3121
3106 2952
3129 3127
3133 3129
3134 3133
3088 3059
2979 2904
3131 3109
3137 3134
3105 3048
3108 3105
3136 3131
3147 3137
3142 3136
3152 3147
3153 3152
3118 3088
3160 3153
3163 3160
3164 3163
3168 3164
3172 3168
3174 3172
3175 3174
3176 3175
3178 3176
3170 3142
3182 3178
3185 3182
3189 3185
3154 3108
3143 3118
3192 3189
3144 3143
3198 3192
3158 3154
3202 3198
3203 3202
3204 3203
3195 3170
3207 3204
3179 3158
3220 3207
3222 3220
3224 3222
3227 3224
3230 3227
3235 3230
3236 3235
3239 3236
3241 3239
3243 3241
3238 3195
3201 3144
3244 3243
3240 3238
3252 3244
3089 2979
3217 3201
3253 3240
3264 3252
3267 3264
3266 3253
3280 3267
3285 3280
3291 3285
3292 3291
3263 3179
3296 3292
3298 3296
3293 3266
3305 3298
3313 3305
3320 3313
3314 3293
3321 3320
3316 3314
3332 3321
3304 3263
3188 3089
3345 3332
3350 3345
3307 3263
3351 3350
3352 3351
3357 3352
3358 3357
3362 3358
3363 3362
3212 3188
3328 3304
3374 3363
3377 3374
3378 3377
3383 3378
3387 3383
3390 3387
3372 3106
3393 3316
3394 3393
3402 3390
3403 3402
3359 3328
3409 3403
3416 3409
3419 3416
3425 3419
3428 3425
3429 3428
3431 3429
3433 3431
3434 3433
3439 3434
3440 3439
3396 3359
3448 3440
3450 3448
3441 3394
3452 3450
3455 3452
3459 3455
3460 3459
3424 3396
3465 3460
3466 3465
3469 3466
3471 3469
3442 3424
3468 3441
3479 3471
3484 3479
3487 3484
3446 3359
3493 3487
3486 3468
3501 3493
3502 3501
3497 3486
3463 3446
3508 3502
3503 3497
3510 3508
3478 3442
3513 3510
3514 3513
3509 3503
3483 3478
3518 3514
3520 3518
3521 3520
3523 3521
3529 3523
3531 3529
3532 3531
3356 3212
3533 3509
3538 3532
3539 3538
3543 3539
3536 3533
3519 3483
3554 3543
3560 3554
3561 3560
3564 3561
3565 3564
3549 3372
3557 3536
3537 3519
3571 3557
3589 3565
3592 3589
3590 3571
3435 3356
3610 3592
3615 3610
3606 3590
3586 3537
3616 3606
3630 3615
3601 3586
3635 3616
3653 3630
3656 3653
3481 3435
3648 3635
3654 3648
3665 3656
3673 3665
3633 3601
3676 3673
3681 3676
3685 3681
3687 3685
3690 3687
3692 3690
3657 3633
3689 3654
3698 3692
3699 3698
3664 3657
3701 3699
3704 3701
3711 3704
3703 3689
3710 3703
3719 3711
3720 3719
3721 3720
3727 3721
3731 3727
3722 3710
3725 3722
3735 3731
3739 3735
3741 3739
3747 3741
3751 3747
3753 3751
3760 3753
3752 3725
3757 3752
3771 3760
3772 3771
3773 3772
3775 3773
3777 3775
3778 3777
3761 3664
3792 3778
3764 3761
3797 3757
3813 3792
3832 3813
3833 3832
3839 3833
3840 3839
3834 3797
3843 3840
3845 3843
3814 3764
3854 3845
3817 3814
3856 3854
3821 3817
3809 3761
3860 3856
3869 3860
3831 3809
3873 3869
3837 3831
3875 3873
3877 3875
3879 3877
3881 3879
3885 3881
3886 3885
3892 3886
3893 3892
3899 3893
3901 3899
3909 3901
3871 3821
3912 3909
3918 3912
3902 3834
3921 3918
3923 3921
3924 3923
3914 3902
3926 3924
3930 3926
3933 3914
3936 3933
3903 3871
3947 3930
3958 3947
3948 3936
3959 3958
3962 3959
3955 3948
3960 3955
3963 3960
3922 3821
3972 3962
3973 3972
3975 3973
3978 3975
3968 3549
3986 3978
3987 3986
3992 3987
3994 3992
3976 3968
3985 3963
4006 3994
3967 3903
3828 3481
4008 4006
4010 4008
4011 4010
3841 3828
4025 4011
4033 4025
3991 3967
4035 4033
3995 3991
4038 4035
3984 3903
4039 4038
4040 4039
4043 4040
4044 4043
4015 3995
4012 3984
4056 4044
4058 4056
4029 4015
4030 4029
4064 4058
4034 4030
4062 3985
3889 3841
4071 4064
4076 4071
4078 4076
4070 4062
4082 4078
4083 4082
4084 4083
4074 4070
4093 4084
4094 4093
4014 4012
4102 4094
4065 4034
4109 4102
4113 4109
4118 4113
4026 4014
4122 4118
4114 4074
4090 4065
3949 3889
4127 4114
4136 4122
4137 4136
4144 4137
4150 4144
4158 4150
4169 4158
4170 4169
4179 4170
4181 4179
4183 4181
4186 4183
4132 4065
4143 4090
4190 4186
4198 4190
4159 4143
4206 4198
4208 4206
4211 4208
4164 4132
4214 4211
4215 4214
4210 4127
4216 4215
4220 4216
4222 4220
4226 4222
4221 4210
4227 4226
4228 4227
4229 4228
4237 4229
4239 4237
4059 3949
4243 4239
4246 4243
4218 4159
4252 4246
4260 4252
4230 4218
4264 4260
4234 4230
4273 4264
4238 4234
4283 4273
4285 4283
4247 4238
4282 4221
4284 4282
4290 4285
4287 4284
4297 4290
4256 4247
4261 4256
4304 4297
4306 4304
4317 4306
4309 4287
4320 4317
4315 4309
4319 4315
4327 4319
4334 4320
4335 4334
4328 4327
4338 4335
4331 4328
4343 4338
4326 3976
4337 4331
4346 4343
4348 4346
4316 4261
4351 4348
4344 4337
4355 4351
4359 4355
4350 4344
4353 4350
4201 4059
4363 4359
4365 4363
4370 4365
4361 4353
4374 4370
4377 4374
4384 4377
4396 4361
4356 4261
4368 4316
4413 4384
4415 4413
4417 4415
4418 4417
4420 4418
4424 4420
4425 4424
4378 4356
4427 4425
4428 4427
4432 4428
4249 4201
4433 4432
4258 4249
4440 4433
4405 4378
4452 4440
4455 4452
4460 4455
4289 4258
4463 4460
4457 4396
4462 4457
4441 4368
4465 4326
4449 4441
4482 4463
4486 4482
4480 4462
4487 4486
4488 4487
4461 4449
4497 4488
4498 4497
4500 4480
4501 4500
4476 4461
4521 4498
4523 4521
4530 4523
4532 4530
4504 4476
4539 4532
4540 4539
4383 4289
4518 4504
4545 4540
4546 4545
4506 4461
4551 4501
4560 4546
4561 4560
4410 4383
4559 4551
4574 4561
4538 4518
4578 4574
4579 4578
4430 4410
4577 4559
4580 4577
4585 4579
4595 4585
4590 4580
4591 4590
4565 4538
4603 4595
4599 4591
4608 4603
4612 4608
4617 4612
4618 4617
4623 4618
4619 4599
4477 4430
4634 4623
4604 4565
4636 4634
4609 4604
4644 4636
4633 4619
4647 4644
4649 4647
4650 4649
4616 4609
4659 4650
4661 4659
4505 4477
4671 4661
4674 4671
4622 4565
4629 4616
4687 4633
4697 4687
4704 4674
4705 4704
4712 4705
4716 4712
4721 4716
4722 4721
4728 4722
4729 4728
4733 4729
4742 4733
4743 4742
4738 4697
4723 4629
4715 4629
4759 4743
4762 4759
4764 4762
4734 4723
4750 4465
4596 4505
4770 4764
4776 4770
4783 4776
4748 4715
4786 4783
4779 4738
4793 4786
4755 4748
4799 4793
4802 4799
4806 4802
4801 4779
4811 4801
4827 4806
4828 4827
4829 4828
4838 4811
4845 4829
4848 4845
4850 4848
4851 4850
4854 4851
4868 4854
4873 4868
4866 4838
4878 4873
4871 4866
4894 4878
4895 4894
4896 4895
4735 4596
4903 4896
4905 4903
4876 4755
4924 4905
4926 4924
4920 4871
4933 4926
4887 4876
4892 4887
4937 4933
4893 4892
4951 4937
4953 4951
4955 4953
4956 4955
4900 4755
4958 4956
4963 4958
4954 4920
4967 4963
4969 4967
4973 4969
4974 4973
4987 4974
4988 4987
4952 4893
4815 4735
5002 4988
5001 4954
5009 5002
5010 5009
4983 4952
4984 4983
5014 5010
5006 5001
5016 5014
4978 4893
5020 5016
5024 5020
4847 4815
5027 5024
5028 5027
5033 5028
5034 5033
5041 5034
5030 5006
5044 5041
4999 4978
5050 5044
5051 5050
5055 5051
5061 5055
5063 5061
5057 5030
5067 5063
4888 4847
5073 5067
5074 5073
5070 5057
5075 5074
5076 5075
5077 5076
5079 5077
5045 4984
4918 4888
5062 4984
5100 5079
5101 5100
5103 5101
5107 5103
5110 5107
5114 5110
5115 5114
5121 5115
4949 4918
5080 5062
5128 5121
5131 5128
5139 5131
5141 5139
5149 5141
5124 5080
5127 5124
5156 5149
5160 5156
5164 5160
5166 5164
5169 5166
5170 5169
5175 5170
5165 5070
5179 5175
5185 5179
5182 5165
5194 5185
5188 4750
5173 5127
5203 5194
5210 5203
5211 5210
5212 5211
5219 5212
5223 5219
5224 5223
5227 5224
5231 5227
5239 5231
5200 5173
5250 5239
5081 4949
5252 5250
5257 5252
5216 5173
5264 5257
5266 5264
5267 5266
5230 5216
5268 5267
5269 5268
5270 5269
5242 5200
5276 5270
5283 5276
5291 5283
5292 5291
5284 5182
5294 5292
5295 5294
5306 5295
5307 5306
5265 5230
5272 5242
5310 5307
5313 5310
5324 5313
5296 5272
5315 5188
5331 5324
5334 5331
5305 5296
5329 5284
5340 5334
5345 5340
5321 5305
5352 5345
5353 5352
5319 5265
5360 5353
5328 5321
5364 5360
5365 5364
5366 5365
5208 5081
5326 5319
5376 5366
5377 5376
5380 5329
5395 5377
5397 5395
5398 5380
5378 5328
5404 5397
5411 5404
5405 5398
5381 5328
5419 5411
5423 5419
5425 5423
5431 5425
5432 5431
5433 5432
5436 5433
5409 5378
5444 5436
5439 5405
5447 5439
5456 5444
5430 5409
5465 5456
5471 5465
5474 5471
5468 5447
5469 5468
5457 5315
5448 5430
5479 5469
5486 5474
5487 5486
5451 5381
5452 5451
5495 5487
5496 5495
5492 5479
5501 5496
5497 5492
5506 5501
5516 5506
5519 5516
5512 5497
5523 5519
5525 5523
5518 5512
5494 5448
5531 5525
5526 5518
5527 5526
5533 5527
5539 5531
5545 5539
5511 5494
5515 5511
5552 5545
5554 5552
5559 5554
5561 5559
5565 5561
5568 5565
5575 5568
5580 5575
5581 5580
5582 5581
5589 5582
5590 5589
5553 5494
5593 5590
5596 5593
5602 5596
5603 5602
5611 5603
5605 5533
5615 5611
5623 5615
5470 5208
5625 5623
5627 5625
5632 5627
5638 5632
5640 5638
5642 5640
5648 5642
5653 5648
5656 5653
5659 5605
5631 5515
5666 5659
5672 5656
5677 5672
5679 5677
5652 5515
5649 5631
5687 5679
5691 5687
5703 5691
5704 5703
5669 5649
5700 5666
5713 5700
5724 5704
5728 5724
5692 5652
5573 5470
5731 5728
5710 5457
5697 5692
5733 5731
5737 5733
5739 5737
5742 5739
5744 5742
5705 5697
5708 5705
5712 5708
5751 5744
5723 5712
5747 5713
5757 5751
5764 5757
5771 5764
5763 5747
5776 5771
5740 5723
5775 5763
5777 5776
5785 5777
5789 5785
5791 5789
5787 5775
5794 5791
5796 5794
5799 5796
5804 5799
5816 5804
5817 5816
5819 5817
5820 5819
5821 5820
5825 5821
5831 5787
5802 5740
5838 5825
5832 5831
5843 5838
5836 5832
5837 5836
5801 5740
5852 5843
5854 5852
5857 5854
5853 5837
5865 5857
5824 5802
5874 5865
5875 5874
5878 5875
5879 5878
5885 5879
5866 5710
5888 5885
5841 5801
5873 5866
5892 5853
5902 5888
5896 5892
5901 5896
5909 5902
5911 5909
5877 5824
5914 5911
5915 5914
5887 5877
5913 5901
5921 5915
5924 5921
5925 5924
5926 5925
5927 5926
5928 5927
5931 5928
5934 5931
5944 5934
5945 5944
5946 5945
5949 5946
5940 5913
5952 5949
5943 5940
5933 5873
5965 5952
5972 5965
5973 5972
5923 5877
5982 5973
5978 5943
5989 5982
6000 5989
6002 6000
5822 5573
6006 6002
6014 6006
5985 5887
6032 6014
6029 5978
5872 5822
6042 6032
6043 6042
6052 6043
6053 6052
6045 6029
6055 6053
6059 6055
6063 6059
6065 6063
6068 6065
6071 6068
6082 6071
6083 6082
6085 6083
6088 6085
6070 5933
6089 6088
6091 6089
6087 6045
6047 5985
6101 6091
6098 6087
6106 6101
6111 6106
6115 6111
6118 6115
6122 6118
6119 6098
6131 6122
6133 6131
6081 6047
6128 6119
6143 6133
6147 6143
6132 6070
6152 6147
6104 6081
6153 6152
6155 6128
6168 6153
6172 6168
6174 6172
6175 6174
6177 6175
6140 6047
6144 6140
6154 6144
6164 6154
6202 6177
6206 6202
6213 6206
6184 6164
6218 6213
6219 6218
6228 6219
6231 6228
6233 6231
6197 6184
6237 6155
6194 6104
6248 6233
6250 6248
6210 6197
6253 6250
6257 6253
6259 6257
6264 6259
6254 6237
6266 6264
6268 6266
6275 6268
6278 6275
6212 6210
6280 6278
6281 6280
6215 6212
6223 6215
6286 6281
6288 6286
6229 6223
6247 6184
6236 6229
6292 6288
6295 6292
6300 6295
6302 6300
6306 6302
6317 6306
6318 6317
6320 6318
6329 6320
6330 6329
6269 6236
6333 6254
6285 6269
6348 6330
6353 6348
6356 6353
6351 6333
6365 6356
6357 6351
6370 6365
6364 6357
6375 6370
6376 6375
6385 6376
6391 6385
6383 6364
6343 6269
6398 6391
6395 6383
6403 6398
6407 6403
6409 6407
6411 6409
6412 6411
6346 6285
6414 6395
6423 6412
6360 6346
6424 6423
6417 6414
6406 6132
6419 6417
6432 6424
6434 6432
6437 6434
6440 6437
6447 6440
6448 6447
6453 6448
6460 6453
6461 6419
6466 6460
6454 6406
6408 6360
6468 6466
6473 6468
6416 6408
6475 6473
6479 6475
6444 6360
6484 6479
6486 6484
6489 6486
6492 6489
6483 6461
6494 6492
6441 6416
6497 6494
6491 6483
6493 6491
6445 6441
6500 6493
6490 6454
6509 6497
6511 6509
6512 6511
6508 6500
6515 6512
6516 6515
6510 6508
6522 6516
6513 6510
6531 6522
6528 6513
6533 6531
6538 6533
6541 6538
6549 6541
6482 6445
6554 6549
6555 6554
6551 6528
6558 6555
6559 6558
6561 6559
6498 6482
6518 6445
6565 6561
6560 6551
6568 6565
6570 6568
6572 6560
6581 6570
6582 6581
6583 6582
6526 6498
6588 6583
6591 6588
6599 6591
6600 6599
6598 6572
6604 6600
6608 6604
6552 6526
6609 6608
6603 6598
6614 6609
6615 6614
6574 6518
6619 6615
6623 6619
6585 6574
6625 6623
6626 6625
6618 6603
6578 6552
6631 6626
6632 6631
6580 6578
6635 6632
6641 6635
6590 6580
6651 6641
6655 6651
6657 6655
6659 6657
6664 6659
6667 6618
6679 6664
6680 6679
6681 6680
6683 6681
6677 6667
6690 6683
6691 6690
6693 6691
6644 6590
6697 6677
6706 6693
6708 6706
6709 6708
6716 6709
6724 6716
6731 6724
6733 6731
6737 6733
6738 6737
6752 6738
6743 6697
6763 6752
6766 6763
6695 6644
6778 6766
6788 6778
6790 6788
6791 6790
6792 6791
6740 6644
6797 6792
6798 6797
6799 6798
6802 6799
6804 6743
6810 6802
6805 6804
6812 6810
6815 6812
6816 6815
6819 6816
6811 6805
6832 6819
6833 6832
6834 6833
6837 6834
6839 6837
6862 6839
6840 6490
6864 6862
6868 6864
6869 6868
6871 6869
6872 6871
6829 6740
6874 6811
6827 6695
6883 6872
6889 6883
6892 6889
6907 6892
6910 6907
6858 6827
6917 6910
6918 6917
6922 6918
6884 6858
6885 6884
6931 6874
6900 6858
6943 6922
6894 6885
6944 6943
6946 6944
6955 6946
6949 6931
6923 6900
6972 6955
6912 6894
6974 6972
6951 6840
6969 6949
6970 6969
6919 6912
6980 6974
6976 6970
6984 6980
6989 6984
6993 6989
6995 6976
7010 6993
7020 7010
7022 7020
7017 6995
7027 7022
6981 6919
7029 7027
7032 7029
6978 6919
7038 7032
7042 7038
7043 7042
6990 6978
7045 7043
7039 7017
7011 6981
7050 7045
7053 7050
7054 7053
7055 7054
7056 7055
7066 7056
7018 6990
7019 7018
7069 7066
7076 7069
7077 7076
7078 7077
7079 7078
7026 7019
7082 7079
7083 7082
7084 7083
7088 7084
7089 7088
7097 7089
7107 7097
7110 7107
7112 7110
7109 7039
7117 7109
7127 7112
7129 7127
7118 7117
7063 7026
7085 7026
7134 7129
7071 7063
7135 7134
7075 7071
7140 7135
7141 7140
7136 7118
7149 7141
7150 7149
7151 7150
7152 7151
7154 7152
7157 7136
7124 7075
7173 7157
7130 7124
7186 7154
7197 7186
7201 7197
7205 7201
7208 7205
7210 7208
7214 7210
7215 7214
7226 7215
7168 7130
7227 7226
7229 7227
7145 7075
7217 7173
7223 7217
7231 7223
7171 7145
7237 7229
7241 7237
7243 7231
7248 7241
7252 7248
7238 6951
7256 7252
7258 7256
7259 7258
7271 7259
7220 7171
7275 7271
7276 7275
7278 7276
7280 7278
7284 7280
7272 7243
7286 7284
7291 7286
7282 7272
7293 7291
7295 7293
7285 7282
7298 7295
7287 7285
7300 7298
7301 7300
7302 7301
7255 7168
7307 7287
7311 7302
7315 7311
7316 7315
7270 7255
7317 7316
7324 7317
7327 7324
7321 7307
7332 7327
7335 7332
7336 7321
7343 7335
7344 7343
7281 7220
7346 7344
7347 7346
7296 7281
7353 7347
7305 7296
7362 7353
7363 7336
7379 7362
7380 7379
7391 7380
7392 7391
7393 7392
7394 7393
7403 7394
7405 7403
7334 7305
7409 7405
7338 7334
7401 7363
7413 7409
7355 7338
7430 7413
7432 7430
7427 7401
7364 7355
7443 7432
7444 7443
7446 7444
7447 7446
7376 7364
7429 7238
7451 7447
7385 7376
7461 7451
7449 7427
7453 7449
7456 7453
7396 7385
7467 7461
7420 7355
7408 7396
7469 7456
7472 7467
7473 7472
7471 7469
7475 7471
7476 7475
7483 7473
7486 7483
7492 7476
7505 7492
7512 7486
7523 7512
7524 7523
7514 7505
7521 7514
7532 7524
7498 7408
7538 7532
7540 7538
7519 7429
7543 7540
7545 7543
7546 7545
7547 7546
7552 7547
7515 7498
7555 7552
7565 7555
7570 7565
7562 7521
7571 7570
7574 7571
7575 7574
7581 7575
7587 7562
7596 7581
7597 7596
7598 7597
7602 7598
7600 7587
7609 7602
7619 7609
7595 7515
7622 7619
7617 7600
7627 7622
7628 7627
7631 7628
7633 7631
7635 7633
7605 7595
7642 7635
7653 7642
7618 7605
7658 7617
7664 7653
7666 7664
7655 7519
7679 7666
7681 7679
7650 7618
7690 7681
7692 7690
7659 7650
7699 7692
7700 7699
7662 7659
7702 7700
7712 7702
7713 7712
7711 7658
7721 7713
7727 7721
7728 7727
7729 7728
7695 7662
7726 7711
7735 7729
7730 7726
7743 7735
7744 7743
7745 7744
7737 7730
7747 7745
7739 7737
7751 7747
7752 7751
7763 7752
7769 7763
7770 7769
7718 7662
7779 7770
7784 7779
7787 7784
7791 7787
7802 7791
7804 7802
7805 7804
7806 7805
7773 7695
7792 7655
7809 7806
7813 7809
7807 7739
7781 7773
7816 7813
7817 7816
7819 7817
7820 7819
7821 7820
7823 7821
7824 7823
7827 7824
7826 7807
7831 7826
7841 7827
7836 7831
7837 7836
7811 7781
7852 7841
7862 7852
7863 7862
7856 7837
7865 7863
7880 7865
7842 7811
7875 7856
7848 7842
7883 7875
7887 7880
7891 7887
7900 7891
7909 7900
7911 7909
7872 7848
7915 7911
7925 7915
7928 7925
7874 7811
7930 7928
7931 7930
7936 7931
7926 7883
7940 7936
7942 7940
7904 7872
7939 7926
7944 7942
7902 7848
7954 7944
7955 7954
7956 7955
7957 7956
7960 7957
7962 7960
7963 7962
7964 7963
7967 7964
7970 7967
7979 7970
7952 7792
7971 7939
7984 7979
7986 7984
7933 7902
7980 7971
7990 7986
7988 7980
8001 7990
8005 8001
7973 7904
7995 7988
8015 8005
8004 7995
8019 8015
8010 8004
8023 8019
8024 8023
8026 8024
8018 8010
8028 8026
8031 8028
8030 8018
8048 8031
8051 8048
8056 8051
8057 8056
8058 8030
8069 8057
8045 7952
8073 8069
8068 8058
8078 8073
8079 8078
8085 8079
8090 8085
8093 8090
8108 8093
8102 8068
8111 8108
8114 8111
8115 8114
8071 7973
8112 8102
8122 8115
8128 8122
8130 8128
8132 8130
8133 8132
8137 8133
8139 8137
8143 8139
8146 8143
8149 8112
8162 8146
8165 8162
8166 8165
8168 8166
8174 8168
8177 8174
8169 8149
8175 8169
8185 8177
8182 8175
8187 8185
8192 8187
8197 8192
8205 8197
8207 8205
8222 8207
8223 8222
8227 8223
8228 8227
8201 8071
8245 8228
8247 8245
8239 8182
8248 8247
8252 8248
8246 8239
8254 8252
8262 8254
8226 8201
8255 8246
8271 8262
8273 8271
8280 8273
8268 8255
8287 8280
8243 8071
8296 8287
8256 8226
8298 8296
8300 8298
8301 8300
8304 8301
8305 8304
8307 8305
8313 8307
8283 8256
8290 8283
8293 8290
8328 8313
8329 8328
8303 8293
8337 8329
8340 8337
8341 8340
8342 8341
8314 8303
8353 8342
8354 8353
8346 8268
8358 8354
8362 8358
8317 8256
8366 8362
8369 8366
8370 8369
8327 8317
8371 8370
8373 8371
8380 8373
8388 8380
8393 8346
8396 8393
8416 8388
8386 8045
8419 8416
8420 8419
8413 8396
8423 8420
8430 8423
8431 8430
8422 8413
8444 8431
8400 8314
8447 8444
8448 8447
8453 8448
8455 8453
8424 8400
8460 8422
8467 8455
8470 8467
8472 8470
8475 8472
8471 8460
8473 8471
8488 8475
8481 8473
8491 8488
8485 8481
8494 8491
8497 8494
8500 8497
8503 8500
8506 8503
8465 8424
8512 8506
8515 8512
8510 8485
8526 8515
8477 8465
8518 8510
8532 8526
8540 8532
8543 8540
8544 8543
8548 8544
8547 8518
8553 8548
8554 8553
8555 8554
8549 8547
8521 8477
8564 8555
8563 8549
8545 8521
8581 8564
8585 8581
8598 8585
8594 8563
8600 8598
8588 8386
8599 8594
8611 8600
8614 8611
8608 8599
8582 8545
8618 8614
8620 8618
8634 8620
8636 8634
8627 8608
8648 8636
8649 8648
8605 8545
8652 8649
8653 8652
8654 8653
8651 8627
8659 8654
8633 8582
8660 8651
8666 8659
8670 8666
8676 8670
8661 8588
8680 8676
8681 8680
8683 8681
8686 8683
8655 8633
8693 8686
8695 8693
8657 8605
8710 8695
8677 8655
8707 8660
8713 8707
8719 8713
8727 8710
8729 8727
8724 8719
8732 8729
8702 8677
8722 8661
8741 8732
8734 8724
8714 8702
8745 8741
8749 8745
8750 8734
8756 8749
8731 8714
8760 8756
8763 8760
8764 8763
8770 8764
8771 8770
8769 8750
8779 8771
8739 8677
8766 8722
8791 8779
8793 8791
8782 8769
8795 8793
8797 8795
8799 8797
8804 8799
8806 8804
8812 8806
8802 8782
8807 8802
8818 8812
8824 8818
8826 8824
8829 8826
8830 8829
8815 8766
8832 8807
8845 8830
8847 8845
8850 8847
8856 8850
8858 8856
8861 8858
8863 8832
8867 8861
8874 8867
8875 8874
8839 8731
8885 8875
8886 8885
8855 8839
8859 8855
8906 8886
8913 8906
8914 8913
8917 8914
8923 8917
8924 8923
8926 8924
8935 8926
8894 8859
8936 8935
8939 8936
8937 8863
8908 8894
8948 8939
8943 8937
8961 8948
8964 8961
8965 8964
8959 8943
8967 8965
8968 8967
8969 8968
8974 8969
8982 8974
8984 8982
8992 8984
8994 8992
8996 8994
8998 8996
9006 8998
9011 9006
9002 8959
9003 9002
9016 9011
9018 9003
9030 9016
9008 8815
9033 9030
9028 9018
9037 9033
9035 9028
9041 9037
9042 9041
9045 9042
9054 9045
9052 9035
9026 8908
9056 9052
9065 9054
9066 9065
9071 9066
9072 9071
9074 9072
9075 9074
9067 9056
9078 9075
9038 8908
9080 9078
9081 9080
9088 9081
9090 9088
9095 9090
9097 9095
9102 9097
9092 9067
9106 9102
9113 9106
9114 9113
9116 9114
9100 9008
9068 9038
9130 9116
9131 9130
9132 9131
9133 9132
9138 9133
9142 9138
9145 9142
9148 9145
9151 9148
9115 9026
9161 9151
9168 9161
9169 9168
9117 9068
9172 9169
9173 9172
9176 9173
9178 9176
9181 9178
9182 9181
9154 9115
9192 9182
9149 9117
9196 9192
9153 9149
9199 9196
9163 9154
9200 9199
9203 9200
9204 9203
9205 9204
9210 9205
9211 9210
9212 9211
9213 9212
9186 9163
9214 9092
9221 9213
9226 9221
9243 9226
9202 9153
9246 9243
9250 9246
9254 9250
9235 9100
9256 9214
9264 9254
9277 9264
9240 9186
9279 9277
9280 9279
9275 9256
9286 9280
9290 9286
9249 9240
9237 9202
9253 9249
9289 9275
9247 9237
9301 9290
9303 9301
9260 9253
9304 9303
9265 9260
9311 9304
9273 9265
9306 9289
9313 9311
9315 9313
9316 9315
9282 9273
9324 9316
9327 9324
9312 9235
9332 9327
9328 9306
9335 9332
9339 9335
9341 9339
9344 9341
9353 9344
9351 9328
9358 9353
9363 9358
9378 9363
9374 9351
9380 9374
9387 9378
9382 9380
9348 9282
9392 9387
9393 9392
9397 9393
9399 9397
9391 9382
9404 9399
9398 9391
9411 9404
9412 9411
9421 9412
9422 9421
9425 9422
9414 9398
9427 9425
9426 9414
9390 9348
9439 9427
9436 9426
9447 9439
9408 9390
9454 9447
9455 9454
9456 9455
9458 9456
9450 9436
9469 9458
9470 9450
9484 9469
9491 9484
9493 9491
9494 9470
9507 9493
9503 9494
9475 9408
9513 9507
9515 9513
9517 9515
9519 9517
9487 9475
9522 9519
9514 9503
9525 9522
9527 9525
9528 9527
9489 9408
9529 9528
9540 9529
9537 9514
9549 9540
9554 9549
9550 9312
9535 9487
9539 9535
9583 9554
9588 9583
9584 9537
9556 9539
9567 9556
9565 9487
9604 9588
9599 9584
9602 9599
9608 9604
9616 9608
9592 9567
9591 9539
9630 9616
9632 9630
9634 9632
9643 9634
9647 9643
9649 9647
9615 9592
9626 9615
9656 9649
9631 9626
9659 9656
9660 9659
9663 9660
9670 9663
9672 9670
9673 9672
9637 9592
9667 9602
9668 9667
9669 9668
9679 9673
9683 9679
9688 9683
9655 9631
9694 9688
9702 9694
9704 9702
9697 9669
9705 9704
9710 9705
9719 9710
9691 9655
9730 9719
9731 9730
9701 9691
9703 9701
9737 9731
9696 9631
9743 9737
9742 9697
9750 9743
9751 9750
9755 9751
9757 9755
9721 9703
9762 9757
9760 9742
9773 9762
9775 9773
9770 9760
9747 9721
9791 9775
9754 9747
9745 9691
9796 9791
9797 9796
9798 9797
9794 9770
9810 9798
9812 9810
9816 9812
9821 9816
9818 9794
9819 9818
9828 9821
9832 9828
9840 9819
9848 9832
9850 9848
9857 9850
9858 9857
9872 9858
9873 9872
9876 9873
9877 9876
9890 9877
9851 9754
9881 9840
9885 9881
9854 9851
9895 9890
9897 9895
9892 9885
9899 9897
9905 9899
9900 9892
9911 9905
9920 9911
9925 9920
9930 9925
9941 9930
9937 9900
9924 9550
9946 9941
9904 9854
9939 9937
9951 9946
9958 9951
9960 9958
9921 9904
9965 9960
9968 9965
9979 9968
9972 9939
9999 9979
9993 9972
10000 9993
10005 9999
9981 9921
10017 10005
9985 9921
10029 10017
10006 9981
10046 10029
10047 10046
10048 10047
10040 10000
10015 10006
10041 10040
10053 10048
10061 10053
10064 10061
10065 10064
10068 10065
10045 10015
10034 9985
10070 9924
10062 10045
10092 10068
10095 10092
10097 10095
10099 10097
10108 10099
10116 10108
10084 10062
10081 10015
10117 10041
10089 10084
10123 10116
10098 10089
10101 10098
10132 10123
10110 10101
10115 10110
10140 10132
10142 10140
10151 10142
10141 10117
10154 10151
10156 10154
10159 10156
10160 10159
10162 10160
10164 10162
10165 10164
10169 10165
10170 10169
10182 10170
10139 10115
10184 10182
10138 10098
10148 10138
10202 10184
10177 10139
10200 10141
10203 10200
10206 10203
10213 10202
10211 10206
10178 10115
10218 10213
10220 10218
10222 10220
10229 10222
10231 10229
10233 10231
10234 10233
10227 10211
10246 10227
10249 10246
10257 10234
10260 10257
10261 10260
10262 10261
10263 10262
10255 10249
10271 10263
10272 10271
10266 10255
10276 10272
10238 10177
10283 10276
10284 10283
10285 10284
10286 10285
10292 10286
10282 10266
10295 10292
10297 10295
10291 10282
10302 10297
10303 10302
10264 10238
10308 10303
10304 10291
10307 10304
10319 10308
10313 10307
10322 10319
10294 10264
10332 10322
10335 10332
10317 10070
10331 10313
10343 10335
10348 10343
10354 10348
10359 10354
10365 10359
10346 10317
10372 10365
10375 10372
10377 10375
10382 10377
10383 10382
10384 10383
10393 10384
10398 10393
10392 10331
10362 10294
10411 10398
10413 10411
10416 10413
10419 10416
10389 10294
10424 10419
10425 10424
10421 10392
10423 10421
10431 10425
10433 10431
10436 10433
10437 10436
10439 10437
10441 10439
10448 10441
10444 10423
10445 10444
10452 10448
10458 10452
10460 10458
10463 10460
10451 10445
10470 10463
10472 10470
10469 10451
10473 10469
10482 10472
10488 10482
10490 10488
10481 10473
10491 10490
10493 10491
10485 10481
10494 10493
10495 10494
10498 10495
10504 10498
10507 10504
10499 10485
10515 10507
10518 10515
10509 10346
10539 10518
10531 10499
10546 10539
10547 10531
10553 10546
10548 10547
10560 10553
10562 10560
10556 10548
10566 10562
10567 10556
10568 10567
10578 10566
10574 10568
10581 10578
10583 10581
10584 10583
10585 10584
10586 10585
10589 10586
10551 10362
10600 10589
10603 10600
10605 10603
10602 10574
10582 10389
10626 10605
10599 10582
10621 10602
10624 10621
10594 10551
10636 10626
10638 10636
10639 10638
10631 10624
10641 10639
10642 10641
10650 10642
10652 10650
10614 10594
10657 10631
10661 10652
10629 10599
10668 10661
10670 10668
10673 10670
10680 10673
10682 10680
10678 10657
10685 10678
10630 10629
10687 10685
10698 10682
10699 10698
10708 10699
10709 10708
10711 10709
10717 10711
10722 10717
10715 10687
10721 10715
10731 10722
10732 10731
10734 10732
10737 10734
10739 10721
10747 10737
10749 10747
10751 10749
10754 10751
10695 10630
10757 10754
10759 10757
10750 10739
10761 10759
10762 10761
10756 10750
10771 10762
10772 10771
10773 10772
10767 10756
10713 10695
10770 10767
10776 10773
10785 10776
10783 10770
10791 10785
10792 10791
10793 10792
10795 10793
10796 10795
10804 10796
10805 10804
10800 10783
10815 10805
10811 10800
10768 10713
10820 10815
10829 10820
10831 10829
10841 10831
10833 10811
10843 10841
10786 10768
10844 10843
10848 10844
10849 10848
10853 10849
10797 10786
10856 10833
10862 10853
10822 10713
10868 10862
10873 10868
10827 10822
10876 10873
10880 10876
10814 10797
10875 10856
10887 10880
10888 10887
10890 10888
10894 10890
10897 10894
10901 10897
10902 10901
10835 10814
10883 10509
10908 10902
10840 10835
10914 10908
10916 10914
10917 10916
10846 10840
10921 10917
10922 10921
10923 10922
10851 10846
10855 10851
10905 10883
10926 10923
10927 10926
10925 10875
10934 10927
10935 10934
10937 10935
10944 10937
10955 10944
10956 10955
10957 10956
10928 10905
10964 10957
10967 10964
10975 10967
10976 10975
10971 10925
10910 10855
10982 10976
10977 10971
10931 10846
10985 10982
10969 10928
10991 10985
10993 10991
10946 10855
10997 10993
10989 10977
10929 10910
10990 10989
10933 10929
11008 10997
10938 10933
10950 10938
11016 11008
10962 10950
11030 11016
11021 10990
11035 11030
11024 11021
11041 11035
10981 10962
11047 11024
10996 10981
11056 11041
11005 10996
11059 11056
11061 11059
11058 11047
11074 11061
11076 11074
11077 11076
11019 11005
11081 11077
11084 11081
11025 11019
11088 11084
11090 11088
11049 10962
11095 11090
11099 11058
11100 11099
11106 11095
11103 11100
11104 11103
11107 11104
11110 11107
11115 11106
11116 11115
11118 11116
11127 11118
11124 11110
11136 11127
11142 11136
11138 11124
11083 11025
11146 11142
11139 11138
11149 11146
11151 11149
11109 11025
11155 11151
11158 11155
11165 11158
11130 11109
11168 11165
11137 11130
11175 11168
11178 11175
11179 11178
11185 11179
11189 11139
11198 11185
11204 11198
11205 11204
11207 11205
11208 11207
11203 11189
11211 11208
11217 11211
11219 11217
11224 11219
11225 11224
11226 11225
11228 11226
11232 11228
11173 11130
11236 11232
11238 11236
11177 11173
11239 11203
11250 11238
11253 11250
11255 11253
11247 10969
11264 11255
11271 11264
11229 11177
11275 11271
11277 11275
11285 11277
11242 11229
11280 11239
11273 11247
11295 11285
11291 11280
11299 11295
11310 11299
11312 11310
11315 11312
11321 11315
11324 11321
11326 11324
11317 11291
11318 11317
11331 11326
11335 11331
11343 11335
11307 11242
11309 11307
11347 11343
11349 11347
11334 11273
11301 11242
11354 11349
11356 11354
11350 11318
11364 11356
11367 11364
11370 11367
11375 11370
11376 11375
11377 11376
11372 11350
11345 11309
11385 11377
11361 11345
11393 11385
11395 11393
11396 11395
11400 11396
11401 11400
11402 11401
11378 11361
11405 11402
11407 11405
11408 11407
11416 11408
11417 11416
11418 11417
11382 11309
11429 11418
11388 11382
11449 11429
11438 11372
11409 11378
11457 11449
11403 11388
11462 11457
11463 11462
11465 11463
11422 11409
11470 11465
11467 11438
11478 11470
11471 11467
11474 11471
11483 11478
11486 11483
11455 11422
11487 11486
11503 11487
11504 11503
11475 11455
11522 11504
11523 11522
11524 11523
11527 11524
11528 11527
11529 11528
11520 11474
11526 11520
11497 11475
11516 11334
11540 11529
11541 11540
11535 11526
11544 11541
11549 11544
11553 11549
11551 11535
11561 11553
11565 11561
11566 11565
11569 11566
11531 11497
11533 11531
11572 11569
11575 11572
11584 11575
11587 11584
11588 11587
11593 11588
11596 11593
11597 11596
11604 11597
11598 11551
11603 11598
11613 11604
11614 11613
11563 11497
11602 11533
11628 11614
11605 11602
11601 11533
11635 11628
11607 11601
11644 11635
11646 11644
11636 11603
11650 11646
11655 11650
11664 11655
11665 11664
11657 11636
11668 11665
11667 11657
11677 11668
11673 11667
11678 11673
11685 11677
11680 11678
11688 11685
11691 11688
11656 11605
11686 11680
11698 11691
11690 11686
11699 11698
11705 11699
11681 11656
11704 11690
11709 11704
11720 11709
11728 11705
11732 11728
11718 11516
11737 11732
11738 11737
11739 11720
11740 11739
11752 11738
11742 11740
11713 11656
11758 11752
11761 11758
11762 11761
11763 11762
11764 11763
11773 11764
11772 11742
11784 11773
11785 11784
11736 11713
11789 11785
11790 11789
11800 11790
11759 11681
11793 11772
11795 11793
11804 11800
11812 11804
11823 11812
11826 11823
11780 11759
11830 11826
11835 11830
11841 11835
11836 11795
11844 11841
11855 11844
11811 11736
11851 11836
11860 11855
11869 11860
11875 11851
11883 11869
11882 11875
11885 11882
11892 11885
11863 11780
11914 11883
11906 11892
11908 11906
11923 11914
11924 11923
11927 11924
11929 11927
11930 11929
11932 11930
11933 11932
11890 11863
11895 11890
11940 11933
11942 11940
11945 11942
11948 11945
11953 11948
11918 11895
11954 11908
11922 11918
11921 11863
11967 11953
11969 11967
11970 11969
11975 11970
11949 11922
11941 11921
11990 11975
11981 11954
11987 11981
11997 11990
11999 11997
11968 11949
12001 11999
11962 11918
12004 12001
12007 12004
12000 11987
12003 12000
12005 12003
12021 12007
11978 11962
12027 12021
12025 12005
12035 12027
12040 12035
12048 12040
12046 12025
12047 12046
12057 12048
12059 12057
12058 12047
12029 11968
12030 12029
12074 12059
12064 12058
12081 12074
12083 12081
12088 12083
12089 12088
12079 12064
12036 11968
12100 12089
12106 12100
12109 12106
12061 12030
12110 12109
12113 12079
12077 12061
12078 12077
12070 12036
12085 12078
12135 12110
12138 12135
12140 12138
12133 12113
12097 12070
12149 12140
12152 12149
12153 12152
12156 12153
12157 12156
12163 12157
12150 12133
12174 12163
12161 12150
12147 11718
12178 12174
12184 12178
12179 12161
12182 12179
12188 12184
12169 12147
12148 12085
12198 12188
12204 12198
12207 12204
12208 12207
12205 12182
12219 12208
12225 12219
12175 12085
12233 12225
12235 12233
12240 12235
12243 12240
12196 12148
12238 12205
12215 12196
12210 12175
12261 12243
12223 12215
12211 12210
12276 12261
12250 12223
12288 12276
12290 12288
12253 12250
12245 12211
12296 12290
12299 12296
12256 12253
12249 12245
12328 12299
12336 12328
12341 12336
12344 12341
12320 12169
12334 12238
12340 12334
12356 12344
12348 12340
12353 12348
12358 12356
12359 12358
12361 12359
12318 12256
12367 12361
12368 12367
12374 12368
12330 12318
12383 12374
12351 12330
12387 12383
12392 12387
12394 12392
12400 12394
12403 12400
12405 12403
12371 12351
12409 12405
12410 12409
12412 12410
12414 12412
12378 12371
12379 12378
12417 12414
12422 12417
12426 12422
12381 12318
12430 12426
12399 12379
12424 12320
12391 12381
12456 12430
12457 12353
12467 12456
12427 12399
12470 12467
12415 12391
12484 12470
12487 12484
12493 12487
12490 12457
12504 12493
12458 12427
12498 12490
12461 12458
12450 12379
12513 12504
12514 12498
12522 12514
12528 12513
12494 12461
12495 12494
12531 12528
12532 12531
12538 12532
12539 12538
12541 12539
12496 12427
12546 12541
12549 12546
12520 12495
12553 12549
12555 12553
12552 12522
12560 12555
12562 12560
12574 12562
12576 12574
12534 12461
12570 12552
12591 12576
12559 12424
12578 12570
12592 12591
12582 12578
12544 12495
12597 12592
12598 12597
12605 12598
12604 12582
12609 12604
12616 12605
12589 12520
12626 12616
12627 12626
12633 12627
12624 12609
12625 12624
12635 12633
12601 12589
12630 12625
12638 12635
12640 12638
12648 12640
12645 12630
12655 12648
12647 12645
12610 12544
12662 12655
12660 12647
12670 12662
12672 12670
12668 12660
12628 12610
12677 12672
12679 12677
12686 12679
12690 12686
12693 12690
12663 12601
12699 12693
12664 12628
12706 12699
12710 12706
12713 12710
12676 12663
12715 12713
12720 12715
12721 12720
12726 12721
12728 12726
12734 12728
12684 12664
12737 12734
12729 12668
12730 12729
12700 12676
12743 12737
12747 12743
12741 12730
12752 12747
12711 12700
12753 12741
12761 12752
12767 12761
12768 12767
12775 12768
12776 12775
12786 12776
12789 12786
12802 12789
12803 12802
12805 12803
12806 12805
12807 12806
12808 12807
12766 12711
12812 12753
12820 12812
12781 12711
12842 12808
12845 12842
12847 12845
12850 12847
12851 12850
12854 12851
12862 12854
12864 12862
12872 12864
12874 12872
12876 12874
12867 12820
12880 12876
12887 12880
12888 12887
12900 12888
12902 12900
12904 12902
12908 12904
12875 12766
12914 12908
12918 12914
12920 12918
12923 12920
12925 12923
12935 12925
12939 12935
12926 12867
12941 12939
12942 12941
12946 12942
12947 12946
12958 12947
12960 12958
12964 12960
12913 12781
12971 12964
12977 12971
12943 12875
12929 12913
12974 12926
12976 12974
12982 12977
12981 12976
12983 12981
12992 12982
12994 12992
12988 12983
12996 12994
13005 12996
13007 13005
12999 12988
13009 13007
13012 13009
13017 13012
13019 13017
13024 13019
13025 13024
12995 12943
13029 13025
13026 12999
13033 13029
13034 13033
13035 13034
13036 13035
13031 13026
13042 13036
13038 13031
13046 13042
13050 13038
13051 13050
13059 13046
13065 13059
13053 12559
13069 13065
13072 13069
13078 13072
13083 13078
13084 13083
13085 13084
13082 13051
13060 12995
13074 13053
13096 13085
13097 13082
13107 13096
13103 13097
13111 13107
13114 13111
13116 13114
13117 13116
13110 13103
13123 13117
13113 13110
13126 13123
13089 13060
13131 13126
13135 13131
13127 13113
13140 13135
13141 13140
13150 13141
13106 13089
13109 13106
13162 13150
13163 13162
13164 13163
13171 13164
13175 13171
13176 13175
13178 13176
13169 13127
13129 13109
13180 13169
13191 13178
13186 13180
13189 13186
13190 13189
13199 13191
13209 13199
13212 13209
13218 13212
13220 13218
13216 13190
13222 13220
13226 13222
13192 13129
13236 13226
13243 13236
13245 13243
13251 13245
13261 13251
13263 13261
13258 13216
13268 13263
13272 13268
13273 13272
13275 13273
13277 13275
13253 13192
13257 13253
13267 13257
13303 13277
13304 13303
13274 13267
13307 13258
13312 13307
13313 13312
13326 13304
13327 13326
13330 13327
13331 13330
13293 13274
13343 13331
13344 13343
13350 13344
13355 13350
13302 13192
13363 13355
13352 13313
13368 13363
13370 13368
13374 13370
13382 13374
13384 13382
13333 13293
13337 13333
13334 13274
13340 13334
13357 13337
13346 13340
13393 13352
13400 13384
13364 13357
13354 13346
13417 13400
13415 13393
13421 13417
13419 13415
13426 13421
13420 13419
13429 13426
13431 13429
13424 13420
13437 13431
13440 13437
13442 13440
13443 13442
13447 13443
13435 13424
13459 13447
13470 13459
13472 13470
13474 13472
13475 13435
13478 13475
13458 13364
13493 13478
13496 13474
13497 13496
13499 13497
13469 13458
13500 13499
13502 13500
13503 13502
13504 13503
13508 13504
13511 13508
13516 13511
13518 13516
13523 13518
13524 13523
13473 13364
13528 13524
13533 13528
13537 13533
13527 13493
13538 13537
13488 13473
13546 13538
13548 13546
13550 13548
13543 13527
13544 13543
13551 13550
13554 13551
13555 13554
13560 13555
13572 13560
13574 13572
13575 13574
13578 13575
13582 13578
13581 13544
13589 13582
13590 13589
13564 13469
13604 13590
13605 13604
13598 13581
13571 13564
13576 13571
13614 13605
13608 13598
13621 13614
13612 13074
13603 13576
13606 13603
13635 13621
13636 13635
13637 13636
13638 13637
13640 13638
13643 13640
13644 13643
13624 13606
13650 13644
13642 13608
13655 13650
13645 13642
13664 13655
13665 13664
13669 13665
13672 13669
13674 13672
13675 13674
13676 13675
13679 13645
13688 13676
13690 13688
13694 13690
13696 13694
13652 13606
13692 13679
13657 13652
13701 13696
13706 13701
13709 13706
13705 13692
13712 13709
13670 13657
13707 13705
13681 13624
13718 13712
13719 13718
13720 13719
13729 13720
13732 13729
13733 13732
13735 13733
13736 13735
13698 13681
13742 13736
13746 13742
13703 13698
13743 13707
13748 13746
13708 13703
13710 13708
13755 13748
13756 13755
13759 13756
13761 13759
13764 13761
13766 13764
13772 13766
13773 13772
13776 13773
13744 13710
13771 13743
13734 13670
13753 13744
13789 13776
13794 13789
13784 13771
13762 13753
13787 13784
13800 13794
13798 13787
13802 13800
13804 13802
13810 13804
13811 13810
13808 13798
13821 13811
13822 13821
13834 13822
13841 13834
13845 13841
13849 13845
13850 13849
13852 13850
13826 13762
13858 13852
13833 13826
13855 13808
13866 13858
13870 13866
13873 13870
13874 13873
13876 13874
13877 13876
13872 13855
13886 13877
13887 13886
13892 13887
13895 13892
13894 13872
13912 13895
13913 13912
13915 13913
13916 13915
13922 13916
13898 13833
13899 13898
13925 13894
13930 13925
13944 13922
13950 13944
13951 13950
13952 13951
13954 13952
13947 13930
13957 13947
13929 13899
13969 13954
13964 13957
13984 13969
13983 13964
13967 13929
14005 13984
14010 14005
14014 14010
13980 13929
14023 14014
14029 14023
14039 14029
14033 13983
14042 14039
14044 14042
14031 13612
14046 14033
14063 14044
14065 14063
14067 14065
14075 14067
14056 14031
14041 13967
14074 14046
14081 14075
14082 14081
14040 13980
14088 14082
14054 14041
14091 14088
14094 14091
14086 14074
14060 14054
14098 14094
14099 14098
14101 14099
14095 14086
14105 14101
14069 14060
14114 14105
14118 14114
14116 14095
14122 14118
14129 14122
14131 14129
14132 14131
14083 14069
14087 14083
14135 14132
14140 14135
14141 14140
14144 14141
14089 14040
14139 14116
14154 14144
14155 14154
14162 14155
14158 14056
14168 14139
14176 14162
14151 14087
14184 14176
14185 14184
14189 14185
14186 14168
14164 14151
14201 14189
14203 14201
14196 14186
14163 14087
14207 14196
14208 14207
14174 14164
14219 14203
14222 14219
14204 14158
14227 14222
14217 14208
14229 14227
14234 14229
14243 14234
14242 14217
14252 14243
14253 14252
14202 14163
14250 14242
14263 14253
14272 14263
14275 14272
14267 14250
14237 14174
14279 14275
14245 14237
14282 14279
14277 14267
14283 14282
14284 14283
14286 14284
14288 14286
14255 14245
14289 14288
14300 14289
14273 14255
14268 14174
14320 14300
14327 14320
14329 14327
14336 14329
14341 14336
14307 14273
14363 14341
14364 14363
14375 14364
14383 14375
14385 14383
14388 14385
14390 14388
14391 14390
14393 14391
14359 14307
14397 14393
14396 14277
14404 14397
14406 14404
14400 14396
14409 14406
14412 14409
14419 14412
14422 14419
14424 14422
14433 14424
14434 14433
14428 14400
14431 14428
14446 14434
14449 14431
14450 14449
14461 14446
14466 14461
14467 14466
14468 14467
14472 14468
14463 14450
14476 14472
14441 14359
14478 14476
14480 14478
14481 14480
14483 14481
14443 14359
14486 14483
14447 14443
14489 14486
14490 14489
14456 14447
14488 14463
14504 14490
14507 14504
14511 14507
14515 14511
14512 14488
14520 14515
14494 14441
14528 14520
14530 14528
14533 14530
14519 14512
14535 14533
14539 14535
14541 14539
14545 14541
14549 14545
14553 14549
14517 14456
14566 14553
14569 14566
14573 14569
14581 14573
14582 14581
14585 14582
14586 14585
14587 14586
14600 14587
14593 14519
14605 14600
14610 14605
14618 14610
14620 14618
14572 14456
14622 14620
14629 14622
14589 14517
14634 14629
14638 14634
14640 14638
14643 14640
14608 14589
14649 14643
14650 14649
14616 14608
14656 14593
14662 14650
14665 14662
14648 14204
14660 14656
14669 14665
14639 14616
14668 14660
14670 14668
14687 14669
14692 14687
14655 14639
14684 14670
14699 14692
14704 14699
14706 14704
14710 14706
14702 14684
14713 14710
14714 14713
14703 14702
14718 14714
14682 14655
14729 14718
14726 14703
14738 14729
14730 14726
14731 14730
14735 14731
14742 14738
14745 14742
14743 14735
14716 14682
14762 14745
14766 14762
14769 14766
14774 14769
14768 14743
14779 14774
14781 14779
14777 14768
14786 14781
14750 14716
14795 14786
14798 14795
14791 14777
14761 14750
14802 14798
14805 14802
14801 14791
14803 14801
14812 14805
14813 14812
14820 14813
14831 14820
14833 14831
14839 14833
14841 14839
14842 14841
14848 14842
14807 14750
14850 14848
14852 14850
14857 14852
14863 14857
14879 14863
14870 14803
14835 14761
14887 14879
14890 14887
14893 14890
14882 14870
14895 14893
14897 14895
14888 14882
14846 14835
14900 14897
14905 14900
14906 14905
14901 14888
14910 14906
14860 14846
14866 14860
14912 14910
14909 14901
14924 14912
14926 14924
14931 14926
14921 14909
14937 14931
14883 14807
14952 14937
14919 14846
14962 14952
14969 14962
14970 14969
14963 14921
14974 14970
14975 14974
14976 14975
14936 14866
14980 14976
14947 14866
14941 14936
14982 14980
14973 14963
14983 14973
14999 14982
15002 14999
14994 14983
14972 14947
15007 15002
15006 14994
15012 15007
15013 15012
15023 15013
15021 15006
15036 15023
15037 15036
15038 15037
15039 15038
15028 15021
15041 15028
15053 15039
15061 15053
15062 15061
15068 15062
15069 15068
15063 15041
15025 14972
15065 15063
15073 15069
15031 15025
15076 15073
15057 14648
15077 15076
15042 15031
15083 15077
15085 15083
15086 15085
15051 15042
15089 15086
15093 15089
15064 15051
15099 15093
15108 15099
15109 15108
15117 15109
15079 15064
15123 15117
15124 15123
15115 15065
15126 15124
15129 15126
15130 15129
15141 15130
15142 15141
15150 15142
15155 15150
15114 15064
15163 15155
15165 15115
15166 15165
15172 15163
15149 15079
15181 15172
15182 15181
15183 15182
15186 15183
15188 15186
15192 15188
15153 15114
15200 15192
15194 15166
15209 15200
15212 15209
15215 15212
15217 15215
15218 15217
15216 15194
15219 15216
15227 15218
15230 15227
15199 15149
15190 15153
15236 15230
15242 15236
15243 15242
15249 15243
15257 15249
15246 15219
15263 15257
15264 15263
15266 15264
15270 15266
15274 15270
15232 15199
15235 15232
15267 15246
15279 15274
15268 15267
15286 15279
15287 15286
15248 15235
15269 15057
15294 15287
15295 15294
15300 15295
15303 15300
15307 15303
15296 15268
15316 15307
15317 15316
15278 15190
15326 15317
15331 15326
15332 15331
15334 15332
15343 15334
15344 15343
15301 15248
15346 15344
15352 15346
15358 15296
15375 15352
15376 15375
15377 15376
15391 15358
15397 15377
15399 15397
15401 15399
15371 15301
15395 15391
15408 15401
15398 15395
15378 15371
15414 15408
15385 15378
15410 15398
15417 15414
15388 15385
15425 15417
15441 15425
15444 15441
15457 15444
15464 15457
15453 15410
15454 15453
15469 15464
15472 15469
15480 15472
15484 15480
15486 15484
15433 15388
15488 15486
15439 15433
15490 15488
15428 15385
15493 15490
15496 15493
15504 15496
15494 15454
15456 15439
15503 15494
15506 15504
15509 15506
15512 15509
15515 15512
15516 15515
15521 15516
15482 15428
15522 15521
15527 15522
15529 15527
15523 15503
15538 15529
15543 15538
15505 15456
15545 15543
15547 15545
15551 15547
15556 15551
15557 15556
15555 15523
15560 15557
15563 15560
15566 15563
15530 15505
15569 15566
15561 15555
15572 15569
15573 15572
15577 15573
15546 15530
15583 15577
15588 15583
15539 15456
15592 15588
15598 15592
15559 15546
15603 15598
15608 15603
15609 15608
15610 15609
15611 15610
15585 15559
15581 15530
15626 15611
15601 15585
15624 15561
15634 15626
15636 15634
15637 15636
15640 15637
15635 15624
15654 15640
15647 15635
15658 15654
15659 15658
15671 15659
15632 15601
15679 15671
15687 15679
15664 15269
15701 15687
15707 15701
15709 15707
15665 15632
15713 15709
15715 15713
15716 15715
15708 15647
15720 15716
15722 15720
15723 15722
15725 15723
15681 15665
15724 15708
15735 15725
15744 15735
15710 15681
15717 15710
15762 15744
15764 15762
15712 15632
15763 15724
15773 15764
15774 15773
15775 15774
15776 15775
15778 15776
15779 15778
15741 15717
15784 15779
15749 15741
15795 15784
15797 15795
15799 15797
15807 15799
15782 15749
15785 15782
15813 15807
15819 15813
15822 15819
15820 15763
15832 15822
15834 15832
15837 15834
15838 15837
15842 15838
15830 15820
15800 15785
15851 15842
15852 15851
15855 15852
15796 15749
15856 15855
15833 15664
15864 15856
15872 15864
15848 15833
15827 15800
15831 15827
15876 15872
15818 15796
15880 15876
15883 15880
15890 15883
15858 15831
15886 15830
15850 15818
15893 15890
15896 15893
15891 15886
15899 15896
15909 15899
15910 15909
15911 15910
15908 15891
15928 15911
15923 15908
15889 15858
15926 15923
15934 15928
15938 15934
15894 15889
15942 15938
15917 15894
15925 15917
15930 15925
15959 15942
15962 15959
15968 15962
15984 15968
15986 15984
15987 15986
15989 15987
15994 15989
15990 15926
16003 15994
16001 15990
16009 16003
16011 16009
16013 16011
16006 16001
15985 15930
16012 16006
16021 16013
16019 16012
16026 16021
16028 16026
16032 16028
16033 16032
16037 16033
16027 16019
16039 16037
15999 15930
16052 16027
16043 15985
16064 16039
16066 16064
16070 16066
16071 16070
16072 16071
16079 16072
16085 16079
16089 16085
16103 16089
16056 15999
16115 16103
16117 16115
16120 16117
16125 16120
16123 16052
16135 16125
16090 16056
16144 16135
16133 16123
16154 16144
16158 16154
16159 16158
16165 16159
16141 16043
16169 16165
16113 16090
16173 16169
16180 16173
16185 16180
16186 16185
16187 16186
16181 16133
16193 16187
16197 16193
16153 16043
16205 16197
16211 16205
16221 16211
16222 16221
16223 16222
16216 16181
16225 16223
16227 16225
16206 16113
16236 16227
16238 16236
16247 16238
16248 16247
16250 16248
16252 16250
16253 16252
16254 16253
16218 16113
16264 16254
16266 16264
16229 16218
16269 16266
16271 16269
16284 16271
16239 16113
16286 16284
16280 16216
16289 16286
16283 16280
16294 16289
16285 16283
16304 16294
16296 16285
16297 16296
16308 16304
16258 16239
16309 16308
16311 16309
16314 16311
16320 16314
16325 16320
16326 16325
16313 16229
16336 16326
16340 16336
16347 16340
16353 16347
16358 16353
16359 16358
16362 16359
16364 16362
16367 16364
16355 16297
16372 16367
16374 16372
16338 16229
16376 16374
16377 16376
16383 16377
16387 16383
16390 16387
16394 16390
16395 16394
16397 16395
16343 16258
16402 16397
16360 16338
16361 16360
16404 16402
16405 16404
16410 16405
16412 16410
16416 16412
16417 16416
16421 16417
16381 16361
16425 16421
16426 16425
16429 16426
16432 16429
16439 16355
16447 16432
16448 16447
16442 16439
16452 16448
16420 16381
16453 16452
16454 16453
16436 16420
16455 16454
16449 16442
16450 16449
16457 16455
16465 16457
16471 16465
16475 16471
16469 16450
16480 16475
16481 16480
16476 16469
16491 16481
16451 16420
16495 16491
16501 16495
16503 16501
16504 16503
16500 16476
16505 16500
16506 16505
16514 16504
16515 16514
16517 16515
16513 16506
16528 16517
16533 16528
16507 16451
16508 16507
16538 16533
16540 16538
16548 16540
16553 16548
16556 16553
16561 16556
16563 16561
16530 16508
16535 16530
16569 16513
16584 16563
16573 16569
16578 16573
16588 16584
16590 16588
16591 16590
16598 16591
16602 16598
16603 16602
16605 16603
16612 16605
16614 16612
16616 16614
16619 16616
16618 16578
16624 16619
16630 16624
16620 16535
16644 16618
16646 16644
16655 16630
16663 16655
16665 16646
16670 16663
16677 16670
16678 16677
16679 16678
16681 16679
16645 16535
16682 16681
16651 16645
16692 16682
16656 16651
16694 16665
16708 16692
16676 16656
16710 16708
16684 16676
16720 16710
16723 16720
16715 16694
16725 16723
16724 16715
16732 16725
16733 16732
16735 16733
16737 16735
16738 16737
16741 16738
16742 16741
16744 16742
16755 16744
16750 16724
16764 16755
16769 16764
16772 16769
16776 16772
16778 16776
16785 16778
16795 16785
16797 16795
16798 16797
16800 16798
16802 16800
16804 16802
16814 16804
16817 16814
16818 16817
16768 16684
16819 16750
16830 16818
16833 16830
16837 16833
16842 16837
16847 16842
16816 16684
16851 16847
16815 16768
16849 16819
16858 16851
16859 16858
16850 16849
16864 16859
16866 16864
16867 16866
16874 16867
16873 16850
16884 16874
16888 16884
16889 16888
16848 16816
16881 16873
16898 16889
16900 16898
16907 16900
16860 16848
16906 16881
16872 16860
16876 16872
16868 16815
16924 16907
16921 16906
16928 16924
16931 16928
16932 16931
16934 16932
16941 16934
16942 16941
16945 16942
16919 16876
16953 16945
16956 16953
16926 16919
16962 16956
16958 16921
16965 16962
16935 16926
16936 16935
16946 16936
16976 16965
16944 16876
16981 16976
16982 16981
16983 16982
16987 16983
16992 16987
16947 16946
16998 16992
16999 16998
17001 16999
17004 17001
17006 17004
16991 16946
17010 17006
17011 17010
17003 16958
16961 16947
17016 17011
17019 17016
17024 17019
17025 17024
17017 17003
17029 17025
17031 17029
17035 17031
17039 17035
17040 17039
17042 17040
17043 17042
17045 17043
17046 17045
17047 17046
17048 17047
17051 17048
17054 17051
17059 17054
17026 16947
17007 16961
17067 17059
17070 17067
17074 17070
17084 17074
17041 17026
17032 17007
17085 17084
17088 17085
17091 17088
17093 17017
17100 17091
17101 17100
17107 17101
17103 17093
17104 17103
17105 17104
17117 17107
17123 17117
17127 17123
17130 17127
17131 17130
17134 17131
17140 17134
17144 17140
17157 17144
17159 17157
17161 17105
17168 17159
17125 17032
17176 17168
17110 17032
17183 17176
17188 17183
17178 17161
17191 17188
17184 17178
17172 17041
17194 17191
17195 17194
17200 17195
17214 17200
17215 17214
17216 17215
17217 17216
17212 17184
17145 17110
17228 17217
17166 17125
17225 17212
17236 17228
17237 17236
17239 17237
17242 17239
17244 17242
17163 17145
17251 17244
17252 17251
17258 17252
17260 17258
17265 17260
17266 17265
17280 17266
17283 17280
17231 17166
17287 17283
17278 17225
17281 17278
17293 17287
17295 17293
17298 17295
17288 17281
17305 17298
17299 17288
17308 17305
17309 17308
17234 17163
17316 17309
17326 17316
17319 17299
17323 17319
17334 17326
17338 17334
17300 17231
17351 17338
17352 17351
17356 17352
17349 17323
17362 17356
17369 17362
17361 17349
17373 17369
17375 17373
17376 17375
17378 17376
17388 17378
17382 17361
17394 17388
17395 17394
17396 17395
17400 17396
17392 17382
17399 17392
17411 17400
17413 17411
17416 17413
17379 17300
17371 17234
17426 17416
17397 17379
17380 17371
17436 17426
17440 17436
17443 17440
17451 17443
17455 17451
17457 17455
17460 17457
17463 17460
17464 17463
17465 17464
17467 17465
17461 17399
17472 17461
17474 17472
17487 17467
17488 17487
17489 17488
17462 17380
17492 17489
17493 17492
17484 17474
17452 17397
17497 17493
17491 17484
17501 17497
17505 17501
17509 17505
17510 17509
17511 17510
17514 17511
17520 17514
17479 17462
17513 17491
17532 17520
17498 17479
17533 17532
17535 17533
17536 17535
17503 17498
17534 17513
17544 17536
17547 17544
17555 17547
17564 17555
17572 17564
17573 17572
17578 17573
17565 17534
17581 17578
17584 17581
17590 17584
17595 17590
17600 17595
17553 17503
17611 17600
17615 17611
17618 17615
17619 17618
17623 17619
17625 17623
17583 17503
17633 17625
17624 17565
17638 17633
17639 17638
17641 17639
17643 17641
17644 17643
17653 17644
17655 17653
17656 17624
17662 17655
17620 17583
17670 17662
17674 17670
17668 17656
17677 17668
17686 17674
17688 17686
17690 17677
17701 17688
17665 17620
17683 17620
17708 17701
17709 17708
17704 17690
17721 17704
17730 17709
17736 17730
17702 17683
17744 17736
17741 17721
17724 17702
17729 17724
17758 17741
17760 17758
17722 17665
17738 17729
17740 17738
17775 17760
17778 17744
17769 17740
17785 17778
17788 17785
17790 17788
17794 17790
17797 17794
17804 17797
17806 17804
17807 17806
17811 17807
17780 17740
17816 17811
17818 17816
17821 17818
17828 17821
17829 17828
17831 17829
17792 17780
17837 17831
17838 17837
17846 17838
17843 17775
17847 17843
17851 17846
17805 17769
17856 17851
17857 17856
17863 17857
17864 17863
17872 17864
17866 17847
17874 17872
17834 17805
17870 17866
17876 17874
17877 17870
17850 17792
17883 17877
17890 17876
17887 17883
17853 17834
17899 17890
17858 17853
17897 17887
17907 17899
17914 17907
17917 17914
17918 17917
17923 17918
17927 17923
17920 17897
17933 17927
17935 17933
17936 17935
17938 17936
17885 17858
17952 17938
17953 17952
17954 17953
17955 17954
17957 17955
17961 17957
17963 17961
17969 17963
17971 17969
17978 17971
17929 17858
17984 17978
17986 17984
17981 17920
17993 17986
17988 17981
17997 17993
18003 17997
18006 18003
18007 18006
17968 17929
18012 18007
18013 18012
18014 18013
18017 18014
18021 18017
18028 18021
18032 18028
18034 18032
18036 18034
18030 17988
18045 18036
18046 18045
18048 18046
18052 18048
18055 18052
18056 18055
18057 18056
18059 18057
18015 17968
18061 18059
18065 18061
18069 18065
18070 18069
18067 18030
18078 18070
18085 18078
18037 18015
18091 18085
18096 18091
18103 18096
18094 18067
18098 18094
18102 18098
18109 18103
18114 18109
18126 18114
18127 18126
18121 18102
18132 18127
18090 18037
18135 18132
18107 18090
18136 18135
18137 18136
18139 18137
18146 18139
18149 18146
18150 18149
18160 18150
18162 18160
18163 18162
18166 18163
18167 18166
18119 18037
18171 18167
18164 18121
18173 18171
18177 18173
18179 18177
18181 18179
18184 18181
18187 18184
18196 18187
18200 18196
18202 18200
18172 18090
18175 18172
18211 18202
18215 18164
18219 18215
18225 18211
18183 18107
18230 18225
18222 18219
18235 18230
18241 18235
18228 18222
18243 18241
18248 18243
18249 18248
18224 18175
18240 18228
18255 18249
18262 18255
18246 18224
18260 18240
18270 18260
18272 18270
18286 18262
18274 18272
18289 18286
18294 18289
18297 18294
18281 18246
18304 18297
18306 18304
18298 18274
18312 18306
18308 18298
18317 18312
18310 18308
18321 18317
18323 18321
18318 18310
18327 18323
18328 18327
18337 18328
18331 18281
18348 18337
18320 18246
18322 18320
18339 18331
18353 18348
18355 18353
18358 18355
18361 18358
18363 18361
18370 18363
18372 18370
18376 18372
18377 18376
18375 18318
18379 18377
18382 18379
18383 18382
18390 18383
18388 18375
18393 18390
18352 18281
18398 18393
18404 18398
18401 18388
18408 18404
18410 18408
18411 18410
18413 18411
18425 18413
18427 18425
18419 18401
18430 18427
18402 18339
18446 18430
18448 18446
18457 18448
18464 18457
18466 18464
18458 18419
18473 18466
18465 18458
18478 18473
18474 18465
18490 18478
18450 18402
18487 18474
18495 18490
18496 18495
18498 18496
18500 18498
18501 18500
18503 18501
18504 18503
18505 18504
18507 18505
18512 18507
18514 18512
18516 18514
18484 18450
18485 18484
18523 18516
18520 18487
18542 18523
18562 18542
18554 18520
18563 18562
18565 18563
18540 18485
18567 18554
18539 18485
18543 18540
18573 18565
18576 18573
18555 18543
18572 18567
18575 18572
18579 18576
18582 18579
18584 18582
18587 18584
18595 18587
18603 18595
18556 18555
18609 18603
18591 18555
18613 18609
18614 18613
18615 18614
18626 18615
18634 18626
18639 18634
18645 18639
18644 18575
18661 18645
18655 18644
18658 18655
18606 18555
18673 18661
18675 18673
18677 18675
18679 18677
18682 18679
18683 18682
18619 18606
18686 18683
18681 18658
18607 18556
18696 18686
18702 18696
18693 18681
18656 18619
18711 18702
18712 18711
18713 18712
18707 18693
18728 18713
18722 18707
18662 18607
18736 18728
18670 18662
18740 18736
18727 18722
18744 18740
18737 18727
18748 18744
18752 18748
18751 18737
18699 18670
18762 18751
18724 18656
18714 18699
18776 18752
18779 18776
18726 18714
18731 18726
18789 18779
18795 18789
18796 18795
18761 18724
18747 18731
18797 18796
18803 18797
