13 0
4 0
7 4
9 7
24 9
10 9
11 10
12 11
15 12
16 15
17 16
73 17
3 0
5 3
8 5
2 0
36 0
19 8
20 19
23 20
26 23
29 26
101 73
41 0
32 29
31 2
39 32
40 39
67 36
48 40
49 48
51 49
52 51
47 31
86 67
55 52
65 55
93 86
88 10
72 65
74 72
76 74
68 15
77 76
81 77
96 88
70 68
90 81
94 90
28 0
97 94
71 70
98 97
100 98
110 96
116 110
18 17
186 100
87 71
113 100
99 87
1 0
122 113
6 1
21 18
106 99
22 21
134 122
135 134
112 106
25 22
139 135
14 6
27 25
140 139
30 27
33 30
34 33
35 34
127 35
155 140
37 35
128 127
157 155
38 37
159 157
161 159
42 38
43 42
165 161
188 73
136 43
138 136
242 165
46 43
196 188
147 138
50 46
53 50
54 53
44 14
250 242
56 54
45 44
253 250
166 165
191 39
58 56
171 166
175 171
61 45
182 175
220 191
221 220
231 55
194 182
245 77
243 221
249 243
103 61
263 249
145 103
363 194
304 263
219 17
309 253
173 145
343 242
347 253
189 173
261 219
353 304
215 189
218 215
422 363
368 353
377 194
375 368
384 377
232 218
388 384
391 388
376 375
380 376
399 391
392 380
395 392
406 399
262 232
268 262
276 268
280 276
283 280
471 406
431 406
476 471
441 431
436 309
306 283
448 436
346 306
468 395
480 468
362 346
365 362
424 365
514 441
559 514
509 406
510 480
512 510
528 514
522 509
530 512
535 530
539 535
540 539
410 365
411 410
584 559
414 411
547 540
430 414
583 522
593 547
487 430
657 584
622 593
507 487
626 622
684 657
694 684
647 528
531 507
544 531
659 647
651 626
558 544
679 651
683 679
619 558
696 584
754 694
708 696
717 659
718 708
722 683
597 558
733 717
610 597
623 610
741 722
761 733
634 623
812 754
637 634
643 637
773 718
779 741
785 773
784 779
666 643
793 785
796 793
811 761
870 796
702 666
706 702
819 784
886 870
828 811
835 828
834 819
836 834
850 835
730 706
851 836
853 851
735 730
871 850
867 853
881 871
887 881
801 735
889 867
897 887
950 897
765 735
768 765
898 796
908 897
781 768
923 898
991 950
931 889
939 931
940 923
965 939
966 965
968 966
888 781
825 781
1043 991
1003 950
1018 908
864 825
1024 1018
1031 1024
882 864
884 882
1038 1031
907 884
909 907
969 909
1117 1038
1084 1038
1073 968
1095 1084
1090 1003
1099 1090
1147 1095
1153 1147
1109 1095
1028 969
1156 1153
1108 1073
1114 1108
1126 1114
1132 1126
1146 1038
1106 1028
1174 1132
1191 1174
1196 1191
1280 1156
1218 1156
1230 1196
1235 1230
1311 1280
1255 1218
1176 1106
1283 1235
1344 1311
1300 1283
1330 1255
1331 1300
1353 1330
1424 1353
1294 1176
1394 1353
1410 1331
1421 1410
1483 1424
1485 1483
1393 1294
1400 1393
1466 1421
1404 1400
1469 1466
1520 1485
1549 1520
1550 1549
1500 1469
1606 1550
1468 1404
1559 1500
1574 1520
1589 1559
1596 1589
1505 1468
1657 1606
1620 1596
1676 1657
1687 1676
1636 1620
1656 1636
1726 1687
1665 1656
1744 1726
1677 1606
1678 1665
1693 1678
1699 1693
1709 1699
1790 1744
1802 1790
1804 1802
1840 1804
1784 1709
1847 1840
1794 1784
1806 1794
1884 1847
1900 1884
1904 1900
1938 1904
1957 1938
1837 1505
1964 1957
1917 1840
1989 1964
1998 1989
1807 1806
1943 1917
1815 1807
1818 1815
1953 1943
1880 1837
2019 1998
1843 1818
2032 2019
2038 2032
1849 1843
2040 2038
1850 1849
2051 2040
2052 2051
1869 1850
2066 2052
1956 1880
2043 1938
2044 2043
1906 1869
2113 2066
2114 2113
2142 2114
2108 2019
2174 2142
2179 2174
2059 1956
2074 2059
2021 1906
2160 2074
2115 2021
2119 2115
2237 2119
2252 2237
2265 2252
2335 2179
2288 2265
2323 2288
2324 2323
2325 2324
2241 2160
2329 2325
2341 2329
2359 2341
2368 2359
2432 2335
2320 2179
2450 2432
2397 2368
2399 2397
2420 2399
2471 2450
2444 2420
2447 2444
2448 2447
2403 2320
2398 2241
2406 2403
2478 2448
2490 2478
2548 2471
2550 2548
2552 2550
2567 2552
2510 2490
2513 2510
2518 2513
2457 2406
2620 2567
2628 2620
2636 2628
2568 2457
2571 2568
2617 2518
2669 2636
2634 2617
2692 2669
2643 2634
2704 2692
2705 2704
2658 2643
2715 2705
2672 2658
2676 2672
2694 2676
2755 2715
2759 2755
2710 2694
2725 2710
2659 2552
2735 2725
2742 2735
2796 2759
2745 2742
2747 2745
2779 2747
2784 2779
2792 2784
2807 2792
2734 2636
2748 2398
2916 2807
2924 2916
2957 2924
2845 2748
2928 2807
2930 2928
2904 2845
3037 2957
3048 3037
2979 2904
3105 3048
3108 3105
3059 2957
3088 3059
3154 3108
3158 3154
3118 3088
3179 3158
3143 3118
3144 3143
3089 2979
3201 3144
3217 3201
3263 3179
3304 3263
3188 3089
3212 3188
3328 3304
3307 3263
3359 3328
3396 3359
3424 3396
3442 3424
3478 3442
3483 3478
3446 3359
3356 3212
3463 3446
3519 3483
3537 3519
3435 3356
3586 3537
3601 3586
3481 3435
3633 3601
3657 3633
3664 3657
3761 3664
3764 3761
3814 3764
3817 3814
3821 3817
3809 3761
3871 3821
3831 3809
3837 3831
3903 3871
3967 3903
3828 3481
3841 3828
3922 3821
3991 3967
3995 3991
4015 3995
4029 4015
4030 4029
4034 4030
3889 3841
3984 3903
4012 3984
4014 4012
4065 4034
4026 4014
4090 4065
3949 3889
4143 4090
4159 4143
4132 4065
4059 3949
4218 4159
4164 4132
4230 4218
4234 4230
4238 4234
4247 4238
4256 4247
4261 4256
4316 4261
4201 4059
4368 4316
4249 4201
4258 4249
4356 4261
4289 4258
4378 4356
4441 4368
4449 4441
4405 4378
4461 4449
4476 4461
4504 4476
4383 4289
4518 4504
4410 4383
4538 4518
4430 4410
4506 4461
4565 4538
4477 4430
4604 4565
4609 4604
4616 4609
4505 4477
4629 4616
4622 4565
4723 4629
4734 4723
4596 4505
4715 4629
4748 4715
4755 4748
4735 4596
4876 4755
4887 4876
4892 4887
4893 4892
4952 4893
4815 4735
4900 4755
4983 4952
4984 4983
4847 4815
4978 4893
4888 4847
4918 4888
4999 4978
5062 4984
4949 4918
5080 5062
5045 4984
5124 5080
5127 5124
5173 5127
5200 5173
5081 4949
5242 5200
5216 5173
5272 5242
5230 5216
5296 5272
5305 5296
5265 5230
5321 5305
5328 5321
5208 5081
5319 5265
5378 5328
5326 5319
5409 5378
5381 5328
5430 5409
5448 5430
5494 5448
5451 5381
5452 5451
5511 5494
5515 5511
5470 5208
5553 5494
5652 5515
5631 5515
5692 5652
5573 5470
5697 5692
5649 5631
5705 5697
5708 5705
5712 5708
5669 5649
5723 5712
5740 5723
5802 5740
5824 5802
5801 5740
5877 5824
5887 5877
5841 5801
5822 5573
5923 5877
5985 5887
5872 5822
6047 5985
6140 6047
6081 6047
6144 6140
6154 6144
6104 6081
6164 6154
6184 6164
6197 6184
6210 6197
6212 6210
6215 6212
6223 6215
6229 6223
6236 6229
6194 6104
6269 6236
6285 6269
6247 6184
6346 6285
6360 6346
6343 6269
6408 6360
6416 6408
6441 6416
6445 6441
6482 6445
6444 6360
6498 6482
6526 6498
6552 6526
6518 6445
6578 6552
6580 6578
6590 6580
6574 6518
6585 6574
6644 6590
6695 6644
6740 6644
6827 6695
6858 6827
6829 6740
6884 6858
6885 6884
6894 6885
6912 6894
6919 6912
6900 6858
6978 6919
6923 6900
6990 6978
7018 6990
7019 7018
7026 7019
6981 6919
7011 6981
7063 7026
7071 7063
7075 7071
7085 7026
7145 7075
7171 7145
7124 7075
7130 7124
7220 7171
7168 7130
7281 7220
7296 7281
7305 7296
7255 7168
7270 7255
7334 7305
7338 7334
7355 7338
7364 7355
7376 7364
7385 7376
7396 7385
7408 7396
7420 7355
7498 7408
7515 7498
7595 7515
7605 7595
7618 7605
7650 7618
7659 7650
7662 7659
7695 7662
7773 7695
7718 7662
7781 7773
7811 7781
7842 7811
7848 7842
7872 7848
7904 7872
7874 7811
7902 7848
7973 7904
7933 7902
8071 7973
8201 8071
8226 8201
8256 8226
8283 8256
8290 8283
8293 8290
8243 8071
8303 8293
8314 8303
8317 8256
8327 8317
8400 8314
8424 8400
8465 8424
8477 8465
8521 8477
8545 8521
8582 8545
8633 8582
8655 8633
8605 8545
8677 8655
8702 8677
8657 8605
8714 8702
8731 8714
8739 8677
8839 8731
8855 8839
8859 8855
8894 8859
8908 8894
9026 8908
9038 8908
9115 9026
9068 9038
9154 9115
9163 9154
9117 9068
9186 9163
9149 9117
9153 9149
9240 9186
9249 9240
9253 9249
9202 9153
9260 9253
9265 9260
9273 9265
9282 9273
9237 9202
9247 9237
9348 9282
9390 9348
9408 9390
9475 9408
9487 9475
9535 9487
9539 9535
9489 9408
9556 9539
9567 9556
9592 9567
9565 9487
9615 9592
9626 9615
9631 9626
9591 9539
9655 9631
9637 9592
9691 9655
9701 9691
9703 9701
9721 9703
9747 9721
9696 9631
9754 9747
9745 9691
9851 9754
9854 9851
9904 9854
9921 9904
9981 9921
10006 9981
10015 10006
9985 9921
10045 10015
10062 10045
10084 10062
10089 10084
10034 9985
10098 10089
10101 10098
10110 10101
10115 10110
10081 10015
10139 10115
10177 10139
10138 10098
10148 10138
10178 10115
10238 10177
10264 10238
10294 10264
10389 10294
10362 10294
10582 10389
10599 10582
10551 10362
10629 10599
10630 10629
10594 10551
10614 10594
10695 10630
10713 10695
10768 10713
10786 10768
10797 10786
10814 10797
10835 10814
10840 10835
10846 10840
10851 10846
10855 10851
10822 10713
10827 10822
10910 10855
10929 10910
10933 10929
10938 10933
10950 10938
10962 10950
10981 10962
10931 10846
10996 10981
10946 10855
11005 10996
11019 11005
11025 11019
11083 11025
11049 10962
11109 11025
11130 11109
11173 11130
11137 11130
11177 11173
11229 11177
11242 11229
11307 11242
11309 11307
11345 11309
11361 11345
11301 11242
11378 11361
11409 11378
11422 11409
11382 11309
11388 11382
11455 11422
11403 11388
11475 11455
11497 11475
11531 11497
11533 11531
11602 11533
11605 11602
11563 11497
11601 11533
11607 11601
11656 11605
11681 11656
11759 11681
11713 11656
11780 11759
11736 11713
11863 11780
11811 11736
11890 11863
11895 11890
11918 11895
11922 11918
11949 11922
11968 11949
11921 11863
11941 11921
11962 11918
12029 11968
12030 12029
11978 11962
12061 12030
12077 12061
12078 12077
12085 12078
12036 11968
12070 12036
12148 12085
12097 12070
12196 12148
12215 12196
12223 12215
12175 12085
12250 12223
12253 12250
12256 12253
12210 12175
12211 12210
12245 12211
12249 12245
12318 12256
12330 12318
12351 12330
12371 12351
12378 12371
12379 12378
12399 12379
12427 12399
12381 12318
12391 12381
12458 12427
12461 12458
12415 12391
12494 12461
12495 12494
12450 12379
12520 12495
12496 12427
12589 12520
12534 12461
12601 12589
12544 12495
12663 12601
12610 12544
12676 12663
12628 12610
12700 12676
12711 12700
12664 12628
12684 12664
12766 12711
12781 12711
12875 12766
12943 12875
12913 12781
12929 12913
12995 12943
13060 12995
13089 13060
13106 13089
13109 13106
13129 13109
13192 13129
13253 13192
13257 13253
13267 13257
13274 13267
13293 13274
13333 13293
13337 13333
13357 13337
13364 13357
13302 13192
13334 13274
13340 13334
13346 13340
13354 13346
13458 13364
13469 13458
13473 13364
13488 13473
13564 13469
13571 13564
13576 13571
13603 13576
13606 13603
13624 13606
13681 13624
13698 13681
13703 13698
13652 13606
13708 13703
13657 13652
13710 13708
13670 13657
13744 13710
13753 13744
13762 13753
13734 13670
13826 13762
13833 13826
13898 13833
13899 13898
13929 13899
13967 13929
13980 13929
14041 13967
14054 14041
14060 14054
14069 14060
14083 14069
14087 14083
14040 13980
14151 14087
14089 14040
14164 14151
14174 14164
14163 14087
14237 14174
14245 14237
14255 14245
14202 14163
14273 14255
14307 14273
14268 14174
14359 14307
14441 14359
14443 14359
14494 14441
14447 14443
14456 14447
14517 14456
14589 14517
14608 14589
14616 14608
14572 14456
14639 14616
14655 14639
14682 14655
14716 14682
14750 14716
14761 14750
14835 14761
14846 14835
14807 14750
14860 14846
14866 14860
14883 14807
14947 14866
14919 14846
14972 14947
14936 14866
14941 14936
15025 14972
15031 15025
15042 15031
15051 15042
15064 15051
15079 15064
15149 15079
15114 15064
15199 15149
15153 15114
15232 15199
15235 15232
15190 15153
15248 15235
15278 15190
15301 15248
15371 15301
15378 15371
15385 15378
15388 15385
15433 15388
15439 15433
15456 15439
15428 15385
15505 15456
15530 15505
15482 15428
15546 15530
15559 15546
15585 15559
15539 15456
15601 15585
15581 15530
15632 15601
15665 15632
15681 15665
15710 15681
15717 15710
15741 15717
15749 15741
15712 15632
15782 15749
15785 15782
15800 15785
15827 15800
15831 15827
15858 15831
15796 15749
15818 15796
15889 15858
15894 15889
15850 15818
15917 15894
15925 15917
15930 15925
15985 15930
15999 15930
16043 15985
16056 15999
16153 16043
16090 16056
16113 16090
16141 16043
16218 16113
16229 16218
16206 16113
16239 16113
16258 16239
16338 16229
16360 16338
16361 16360
16313 16229
16381 16361
16343 16258
16420 16381
16451 16420
16436 16420
16507 16451
16508 16507
16530 16508
16535 16530
16645 16535
16651 16645
16656 16651
16676 16656
16684 16676
16620 16535
16816 16684
16768 16684
16848 16816
16860 16848
16815 16768
16872 16860
16876 16872
16919 16876
16868 16815
16926 16919
16935 16926
16936 16935
16946 16936
16947 16946
16961 16947
16944 16876
17007 16961
17032 17007
16991 16946
17026 16947
17041 17026
17110 17032
17145 17110
17163 17145
17125 17032
17234 17163
17166 17125
17172 17041
17231 17166
17300 17231
17371 17234
17380 17371
17379 17300
17397 17379
17462 17380
17479 17462
17498 17479
17503 17498
17452 17397
17553 17503
17583 17503
17620 17583
17683 17620
17702 17683
17665 17620
17724 17702
17729 17724
17738 17729
17740 17738
17722 17665
17780 17740
17792 17780
17769 17740
17850 17792
17805 17769
17834 17805
17853 17834
17858 17853
17929 17858
17885 17858
17968 17929
18015 17968
18037 18015
18090 18037
18172 18090
18175 18172
18107 18090
18119 18037
18183 18107
18224 18175
18246 18224
18320 18246
18322 18320
18281 18246
18331 18281
18339 18331
18402 18339
18352 18281
18450 18402
18484 18450
18485 18484
18540 18485
18543 18540
18555 18543
18556 18555
18539 18485
18607 18556
18662 18607
18670 18662
18591 18555
18606 18555
18619 18606
18699 18670
18714 18699
18656 18619
18726 18714
18731 18726
18747 18731
18753 18747
18760 18753
18724 18656
18780 18760
18792 18780
18800 18792
